               -123.6853699905
          0.000664790       0.000012698       0.000001342
          0.000012698       0.000673044      -0.000018882
          0.000001342      -0.000018882       0.000666809
          16
  1    14       0.001356672       0.004901130      -0.005365296  Si
  1    14       0.000785704      -0.002667205       0.002783943  Si
  1    14      -0.000073544      -0.002551742       0.004356499  Si
  1    14      -0.000389727       0.004064362      -0.000188933  Si
  1    14       0.001217829      -0.006674250       0.007456859  Si
  1    14      -0.001974398       0.000042865      -0.012297516  Si
  1    14       0.002194633      -0.004899023      -0.000965874  Si
  1    14      -0.002699774       0.004046613       0.002391419  Si
  1    14      -0.003198564      -0.001128487       0.005150692  Si
  1    14      -0.003116618      -0.001151429       0.000326982  Si
  1    14       0.001080258      -0.005857447       0.003642347  Si
  1    14      -0.004444143       0.001731458      -0.009021423  Si
  1    14       0.001539061       0.000495936       0.004857341  Si
  1    14       0.006421324       0.006564261      -0.002684648  Si
  1    14      -0.000921867       0.001370590      -0.003085241  Si
  1    14       0.002335403       0.002212819       0.002565937  Si
