  1300
     1   -0.640948   -0.370062    0.000000       0.000400
     2   -0.614242   -0.354643    0.000000       0.000400
     3   -0.587536   -0.339224    0.000000       0.000400
     4   -0.560830   -0.323805    0.000000       0.000400
     5   -0.534123   -0.308385    0.000000       0.000400
     6   -0.507417   -0.292966    0.000000       0.000400
     7   -0.480711   -0.277547    0.000000       0.000400
     8   -0.454005   -0.262128    0.000000       0.000400
     9   -0.427299   -0.246708    0.000000       0.000400
    10   -0.400593   -0.231289    0.000000       0.000400
    11   -0.373886   -0.215870    0.000000       0.000400
    12   -0.347180   -0.200450    0.000000       0.000400
    13   -0.320474   -0.185031    0.000000       0.000400
    14   -0.293768   -0.169612    0.000000       0.000400
    15   -0.267062   -0.154193    0.000000       0.000400
    16   -0.240356   -0.138773    0.000000       0.000400
    17   -0.213649   -0.123354    0.000000       0.000400
    18   -0.186943   -0.107935    0.000000       0.000400
    19   -0.160237   -0.092516    0.000000       0.000400
    20   -0.133531   -0.077096    0.000000       0.000400
    21   -0.106825   -0.061677    0.000000       0.000400
    22   -0.080119   -0.046258    0.000000       0.000400
    23   -0.053412   -0.030839    0.000000       0.000400
    24   -0.026706   -0.015419    0.000000       0.000400
    25    0.000000    0.000000    0.000000       0.000400
    26    0.026706    0.015419    0.000000       0.000400
    27    0.053412    0.030839    0.000000       0.000400
    28    0.080119    0.046258    0.000000       0.000400
    29    0.106825    0.061677    0.000000       0.000400
    30    0.133531    0.077096    0.000000       0.000400
    31    0.160237    0.092516    0.000000       0.000400
    32    0.186943    0.107935    0.000000       0.000400
    33    0.213649    0.123354    0.000000       0.000400
    34    0.240356    0.138773    0.000000       0.000400
    35    0.267062    0.154193    0.000000       0.000400
    36    0.293768    0.169612    0.000000       0.000400
    37    0.320474    0.185031    0.000000       0.000400
    38    0.347180    0.200450    0.000000       0.000400
    39    0.373886    0.215870    0.000000       0.000400
    40    0.400593    0.231289    0.000000       0.000400
    41    0.427299    0.246708    0.000000       0.000400
    42    0.454005    0.262128    0.000000       0.000400
    43    0.480711    0.277547    0.000000       0.000400
    44    0.507417    0.292966    0.000000       0.000400
    45    0.534123    0.308385    0.000000       0.000400
    46    0.560830    0.323805    0.000000       0.000400
    47    0.587536    0.339224    0.000000       0.000400
    48    0.614242    0.354643    0.000000       0.000400
    49    0.640948    0.370062    0.000000       0.000400
    50    0.667654    0.385482    0.000000       0.000400
    51   -0.640948   -0.339224    0.000000       0.000800
    52   -0.614242   -0.323805    0.000000       0.000800
    53   -0.587536   -0.308385    0.000000       0.000800
    54   -0.560830   -0.292966    0.000000       0.000800
    55   -0.534123   -0.277547    0.000000       0.000800
    56   -0.507417   -0.262128    0.000000       0.000800
    57   -0.480711   -0.246708    0.000000       0.000800
    58   -0.454005   -0.231289    0.000000       0.000800
    59   -0.427299   -0.215870    0.000000       0.000800
    60   -0.400593   -0.200450    0.000000       0.000800
    61   -0.373886   -0.185031    0.000000       0.000800
    62   -0.347180   -0.169612    0.000000       0.000800
    63   -0.320474   -0.154193    0.000000       0.000800
    64   -0.293768   -0.138773    0.000000       0.000800
    65   -0.267062   -0.123354    0.000000       0.000800
    66   -0.240356   -0.107935    0.000000       0.000800
    67   -0.213649   -0.092516    0.000000       0.000800
    68   -0.186943   -0.077096    0.000000       0.000800
    69   -0.160237   -0.061677    0.000000       0.000800
    70   -0.133531   -0.046258    0.000000       0.000800
    71   -0.106825   -0.030839    0.000000       0.000800
    72   -0.080119   -0.015419    0.000000       0.000800
    73   -0.053412   -0.000000    0.000000       0.000800
    74   -0.026706    0.015419    0.000000       0.000800
    75    0.000000    0.030839    0.000000       0.000800
    76    0.026706    0.046258    0.000000       0.000800
    77    0.053412    0.061677    0.000000       0.000800
    78    0.080119    0.077096    0.000000       0.000800
    79    0.106825    0.092516    0.000000       0.000800
    80    0.133531    0.107935    0.000000       0.000800
    81    0.160237    0.123354    0.000000       0.000800
    82    0.186943    0.138773    0.000000       0.000800
    83    0.213649    0.154193    0.000000       0.000800
    84    0.240356    0.169612    0.000000       0.000800
    85    0.267062    0.185031    0.000000       0.000800
    86    0.293768    0.200450    0.000000       0.000800
    87    0.320474    0.215870    0.000000       0.000800
    88    0.347180    0.231289    0.000000       0.000800
    89    0.373886    0.246708    0.000000       0.000800
    90    0.400593    0.262128    0.000000       0.000800
    91    0.427299    0.277547    0.000000       0.000800
    92    0.454005    0.292966    0.000000       0.000800
    93    0.480711    0.308385    0.000000       0.000800
    94    0.507417    0.323805    0.000000       0.000800
    95    0.534123    0.339224    0.000000       0.000800
    96    0.560830    0.354643    0.000000       0.000800
    97    0.587536    0.370062    0.000000       0.000800
    98    0.614242    0.385482    0.000000       0.000800
    99    0.640948    0.400901    0.000000       0.000800
   100    0.667654    0.416320    0.000000       0.000800
   101   -0.640948   -0.308385    0.000000       0.000800
   102   -0.614242   -0.292966    0.000000       0.000800
   103   -0.587536   -0.277547    0.000000       0.000800
   104   -0.560830   -0.262128    0.000000       0.000800
   105   -0.534123   -0.246708    0.000000       0.000800
   106   -0.507417   -0.231289    0.000000       0.000800
   107   -0.480711   -0.215870    0.000000       0.000800
   108   -0.454005   -0.200450    0.000000       0.000800
   109   -0.427299   -0.185031    0.000000       0.000800
   110   -0.400593   -0.169612    0.000000       0.000800
   111   -0.373886   -0.154193    0.000000       0.000800
   112   -0.347180   -0.138773    0.000000       0.000800
   113   -0.320474   -0.123354    0.000000       0.000800
   114   -0.293768   -0.107935    0.000000       0.000800
   115   -0.267062   -0.092516    0.000000       0.000800
   116   -0.240356   -0.077096    0.000000       0.000800
   117   -0.213649   -0.061677    0.000000       0.000800
   118   -0.186943   -0.046258    0.000000       0.000800
   119   -0.160237   -0.030839    0.000000       0.000800
   120   -0.133531   -0.015419    0.000000       0.000800
   121   -0.106825   -0.000000    0.000000       0.000800
   122   -0.080119    0.015419    0.000000       0.000800
   123   -0.053412    0.030839    0.000000       0.000800
   124   -0.026706    0.046258    0.000000       0.000800
   125    0.000000    0.061677    0.000000       0.000800
   126    0.026706    0.077096    0.000000       0.000800
   127    0.053412    0.092516    0.000000       0.000800
   128    0.080119    0.107935    0.000000       0.000800
   129    0.106825    0.123354    0.000000       0.000800
   130    0.133531    0.138773    0.000000       0.000800
   131    0.160237    0.154193    0.000000       0.000800
   132    0.186943    0.169612    0.000000       0.000800
   133    0.213649    0.185031    0.000000       0.000800
   134    0.240356    0.200450    0.000000       0.000800
   135    0.267062    0.215870    0.000000       0.000800
   136    0.293768    0.231289    0.000000       0.000800
   137    0.320474    0.246708    0.000000       0.000800
   138    0.347180    0.262128    0.000000       0.000800
   139    0.373886    0.277547    0.000000       0.000800
   140    0.400593    0.292966    0.000000       0.000800
   141    0.427299    0.308385    0.000000       0.000800
   142    0.454005    0.323805    0.000000       0.000800
   143    0.480711    0.339224    0.000000       0.000800
   144    0.507417    0.354643    0.000000       0.000800
   145    0.534123    0.370062    0.000000       0.000800
   146    0.560830    0.385482    0.000000       0.000800
   147    0.587536    0.400901    0.000000       0.000800
   148    0.614242    0.416320    0.000000       0.000800
   149    0.640948    0.431740    0.000000       0.000800
   150    0.667654    0.447159    0.000000       0.000800
   151   -0.640948   -0.277547    0.000000       0.000800
   152   -0.614242   -0.262128    0.000000       0.000800
   153   -0.587536   -0.246708    0.000000       0.000800
   154   -0.560830   -0.231289    0.000000       0.000800
   155   -0.534123   -0.215870    0.000000       0.000800
   156   -0.507417   -0.200450    0.000000       0.000800
   157   -0.480711   -0.185031    0.000000       0.000800
   158   -0.454005   -0.169612    0.000000       0.000800
   159   -0.427299   -0.154193    0.000000       0.000800
   160   -0.400593   -0.138773    0.000000       0.000800
   161   -0.373886   -0.123354    0.000000       0.000800
   162   -0.347180   -0.107935    0.000000       0.000800
   163   -0.320474   -0.092516    0.000000       0.000800
   164   -0.293768   -0.077096    0.000000       0.000800
   165   -0.267062   -0.061677    0.000000       0.000800
   166   -0.240356   -0.046258    0.000000       0.000800
   167   -0.213649   -0.030839    0.000000       0.000800
   168   -0.186943   -0.015419    0.000000       0.000800
   169   -0.160237   -0.000000    0.000000       0.000800
   170   -0.133531    0.015419    0.000000       0.000800
   171   -0.106825    0.030839    0.000000       0.000800
   172   -0.080119    0.046258    0.000000       0.000800
   173   -0.053412    0.061677    0.000000       0.000800
   174   -0.026706    0.077096    0.000000       0.000800
   175    0.000000    0.092516    0.000000       0.000800
   176    0.026706    0.107935    0.000000       0.000800
   177    0.053412    0.123354    0.000000       0.000800
   178    0.080119    0.138773    0.000000       0.000800
   179    0.106825    0.154193    0.000000       0.000800
   180    0.133531    0.169612    0.000000       0.000800
   181    0.160237    0.185031    0.000000       0.000800
   182    0.186943    0.200450    0.000000       0.000800
   183    0.213649    0.215870    0.000000       0.000800
   184    0.240356    0.231289    0.000000       0.000800
   185    0.267062    0.246708    0.000000       0.000800
   186    0.293768    0.262128    0.000000       0.000800
   187    0.320474    0.277547    0.000000       0.000800
   188    0.347180    0.292966    0.000000       0.000800
   189    0.373886    0.308385    0.000000       0.000800
   190    0.400593    0.323805    0.000000       0.000800
   191    0.427299    0.339224    0.000000       0.000800
   192    0.454005    0.354643    0.000000       0.000800
   193    0.480711    0.370062    0.000000       0.000800
   194    0.507417    0.385482    0.000000       0.000800
   195    0.534123    0.400901    0.000000       0.000800
   196    0.560830    0.416320    0.000000       0.000800
   197    0.587536    0.431740    0.000000       0.000800
   198    0.614242    0.447159    0.000000       0.000800
   199    0.640948    0.462578    0.000000       0.000800
   200    0.667654    0.477997    0.000000       0.000800
   201   -0.640948   -0.246708    0.000000       0.000800
   202   -0.614242   -0.231289    0.000000       0.000800
   203   -0.587536   -0.215870    0.000000       0.000800
   204   -0.560830   -0.200450    0.000000       0.000800
   205   -0.534123   -0.185031    0.000000       0.000800
   206   -0.507417   -0.169612    0.000000       0.000800
   207   -0.480711   -0.154193    0.000000       0.000800
   208   -0.454005   -0.138773    0.000000       0.000800
   209   -0.427299   -0.123354    0.000000       0.000800
   210   -0.400593   -0.107935    0.000000       0.000800
   211   -0.373886   -0.092516    0.000000       0.000800
   212   -0.347180   -0.077096    0.000000       0.000800
   213   -0.320474   -0.061677    0.000000       0.000800
   214   -0.293768   -0.046258    0.000000       0.000800
   215   -0.267062   -0.030839    0.000000       0.000800
   216   -0.240356   -0.015419    0.000000       0.000800
   217   -0.213649   -0.000000    0.000000       0.000800
   218   -0.186943    0.015419    0.000000       0.000800
   219   -0.160237    0.030839    0.000000       0.000800
   220   -0.133531    0.046258    0.000000       0.000800
   221   -0.106825    0.061677    0.000000       0.000800
   222   -0.080119    0.077096    0.000000       0.000800
   223   -0.053412    0.092516    0.000000       0.000800
   224   -0.026706    0.107935    0.000000       0.000800
   225    0.000000    0.123354    0.000000       0.000800
   226    0.026706    0.138773    0.000000       0.000800
   227    0.053412    0.154193    0.000000       0.000800
   228    0.080119    0.169612    0.000000       0.000800
   229    0.106825    0.185031    0.000000       0.000800
   230    0.133531    0.200450    0.000000       0.000800
   231    0.160237    0.215870    0.000000       0.000800
   232    0.186943    0.231289    0.000000       0.000800
   233    0.213649    0.246708    0.000000       0.000800
   234    0.240356    0.262128    0.000000       0.000800
   235    0.267062    0.277547    0.000000       0.000800
   236    0.293768    0.292966    0.000000       0.000800
   237    0.320474    0.308385    0.000000       0.000800
   238    0.347180    0.323805    0.000000       0.000800
   239    0.373886    0.339224    0.000000       0.000800
   240    0.400593    0.354643    0.000000       0.000800
   241    0.427299    0.370062    0.000000       0.000800
   242    0.454005    0.385482    0.000000       0.000800
   243    0.480711    0.400901    0.000000       0.000800
   244    0.507417    0.416320    0.000000       0.000800
   245    0.534123    0.431740    0.000000       0.000800
   246    0.560830    0.447159    0.000000       0.000800
   247    0.587536    0.462578    0.000000       0.000800
   248    0.614242    0.477997    0.000000       0.000800
   249    0.640948    0.493417    0.000000       0.000800
   250    0.667654    0.508836    0.000000       0.000800
   251   -0.640948   -0.215870    0.000000       0.000800
   252   -0.614242   -0.200450    0.000000       0.000800
   253   -0.587536   -0.185031    0.000000       0.000800
   254   -0.560830   -0.169612    0.000000       0.000800
   255   -0.534123   -0.154193    0.000000       0.000800
   256   -0.507417   -0.138773    0.000000       0.000800
   257   -0.480711   -0.123354    0.000000       0.000800
   258   -0.454005   -0.107935    0.000000       0.000800
   259   -0.427299   -0.092516    0.000000       0.000800
   260   -0.400593   -0.077096    0.000000       0.000800
   261   -0.373886   -0.061677    0.000000       0.000800
   262   -0.347180   -0.046258    0.000000       0.000800
   263   -0.320474   -0.030839    0.000000       0.000800
   264   -0.293768   -0.015419    0.000000       0.000800
   265   -0.267062   -0.000000    0.000000       0.000800
   266   -0.240356    0.015419    0.000000       0.000800
   267   -0.213649    0.030839    0.000000       0.000800
   268   -0.186943    0.046258    0.000000       0.000800
   269   -0.160237    0.061677    0.000000       0.000800
   270   -0.133531    0.077096    0.000000       0.000800
   271   -0.106825    0.092516    0.000000       0.000800
   272   -0.080119    0.107935    0.000000       0.000800
   273   -0.053412    0.123354    0.000000       0.000800
   274   -0.026706    0.138773    0.000000       0.000800
   275    0.000000    0.154193    0.000000       0.000800
   276    0.026706    0.169612    0.000000       0.000800
   277    0.053412    0.185031    0.000000       0.000800
   278    0.080119    0.200450    0.000000       0.000800
   279    0.106825    0.215870    0.000000       0.000800
   280    0.133531    0.231289    0.000000       0.000800
   281    0.160237    0.246708    0.000000       0.000800
   282    0.186943    0.262128    0.000000       0.000800
   283    0.213649    0.277547    0.000000       0.000800
   284    0.240356    0.292966    0.000000       0.000800
   285    0.267062    0.308385    0.000000       0.000800
   286    0.293768    0.323805    0.000000       0.000800
   287    0.320474    0.339224    0.000000       0.000800
   288    0.347180    0.354643    0.000000       0.000800
   289    0.373886    0.370062    0.000000       0.000800
   290    0.400593    0.385482    0.000000       0.000800
   291    0.427299    0.400901    0.000000       0.000800
   292    0.454005    0.416320    0.000000       0.000800
   293    0.480711    0.431740    0.000000       0.000800
   294    0.507417    0.447159    0.000000       0.000800
   295    0.534123    0.462578    0.000000       0.000800
   296    0.560830    0.477997    0.000000       0.000800
   297    0.587536    0.493417    0.000000       0.000800
   298    0.614242    0.508836    0.000000       0.000800
   299    0.640948    0.524255    0.000000       0.000800
   300    0.667654    0.539674    0.000000       0.000800
   301   -0.640948   -0.185031    0.000000       0.000800
   302   -0.614242   -0.169612    0.000000       0.000800
   303   -0.587536   -0.154193    0.000000       0.000800
   304   -0.560830   -0.138773    0.000000       0.000800
   305   -0.534123   -0.123354    0.000000       0.000800
   306   -0.507417   -0.107935    0.000000       0.000800
   307   -0.480711   -0.092516    0.000000       0.000800
   308   -0.454005   -0.077096    0.000000       0.000800
   309   -0.427299   -0.061677    0.000000       0.000800
   310   -0.400593   -0.046258    0.000000       0.000800
   311   -0.373886   -0.030839    0.000000       0.000800
   312   -0.347180   -0.015419    0.000000       0.000800
   313   -0.320474   -0.000000    0.000000       0.000800
   314   -0.293768    0.015419    0.000000       0.000800
   315   -0.267062    0.030839    0.000000       0.000800
   316   -0.240356    0.046258    0.000000       0.000800
   317   -0.213649    0.061677    0.000000       0.000800
   318   -0.186943    0.077096    0.000000       0.000800
   319   -0.160237    0.092516    0.000000       0.000800
   320   -0.133531    0.107935    0.000000       0.000800
   321   -0.106825    0.123354    0.000000       0.000800
   322   -0.080119    0.138773    0.000000       0.000800
   323   -0.053412    0.154193    0.000000       0.000800
   324   -0.026706    0.169612    0.000000       0.000800
   325    0.000000    0.185031    0.000000       0.000800
   326    0.026706    0.200450    0.000000       0.000800
   327    0.053412    0.215870    0.000000       0.000800
   328    0.080119    0.231289    0.000000       0.000800
   329    0.106825    0.246708    0.000000       0.000800
   330    0.133531    0.262128    0.000000       0.000800
   331    0.160237    0.277547    0.000000       0.000800
   332    0.186943    0.292966    0.000000       0.000800
   333    0.213649    0.308385    0.000000       0.000800
   334    0.240356    0.323805    0.000000       0.000800
   335    0.267062    0.339224    0.000000       0.000800
   336    0.293768    0.354643    0.000000       0.000800
   337    0.320474    0.370062    0.000000       0.000800
   338    0.347180    0.385482    0.000000       0.000800
   339    0.373886    0.400901    0.000000       0.000800
   340    0.400593    0.416320    0.000000       0.000800
   341    0.427299    0.431740    0.000000       0.000800
   342    0.454005    0.447159    0.000000       0.000800
   343    0.480711    0.462578    0.000000       0.000800
   344    0.507417    0.477997    0.000000       0.000800
   345    0.534123    0.493417    0.000000       0.000800
   346    0.560830    0.508836    0.000000       0.000800
   347    0.587536    0.524255    0.000000       0.000800
   348    0.614242    0.539674    0.000000       0.000800
   349    0.640948    0.555094    0.000000       0.000800
   350    0.667654    0.570513    0.000000       0.000800
   351   -0.640948   -0.154193    0.000000       0.000800
   352   -0.614242   -0.138773    0.000000       0.000800
   353   -0.587536   -0.123354    0.000000       0.000800
   354   -0.560830   -0.107935    0.000000       0.000800
   355   -0.534123   -0.092516    0.000000       0.000800
   356   -0.507417   -0.077096    0.000000       0.000800
   357   -0.480711   -0.061677    0.000000       0.000800
   358   -0.454005   -0.046258    0.000000       0.000800
   359   -0.427299   -0.030839    0.000000       0.000800
   360   -0.400593   -0.015419    0.000000       0.000800
   361   -0.373886   -0.000000    0.000000       0.000800
   362   -0.347180    0.015419    0.000000       0.000800
   363   -0.320474    0.030839    0.000000       0.000800
   364   -0.293768    0.046258    0.000000       0.000800
   365   -0.267062    0.061677    0.000000       0.000800
   366   -0.240356    0.077096    0.000000       0.000800
   367   -0.213649    0.092516    0.000000       0.000800
   368   -0.186943    0.107935    0.000000       0.000800
   369   -0.160237    0.123354    0.000000       0.000800
   370   -0.133531    0.138773    0.000000       0.000800
   371   -0.106825    0.154193    0.000000       0.000800
   372   -0.080119    0.169612    0.000000       0.000800
   373   -0.053412    0.185031    0.000000       0.000800
   374   -0.026706    0.200450    0.000000       0.000800
   375    0.000000    0.215870    0.000000       0.000800
   376    0.026706    0.231289    0.000000       0.000800
   377    0.053412    0.246708    0.000000       0.000800
   378    0.080119    0.262128    0.000000       0.000800
   379    0.106825    0.277547    0.000000       0.000800
   380    0.133531    0.292966    0.000000       0.000800
   381    0.160237    0.308385    0.000000       0.000800
   382    0.186943    0.323805    0.000000       0.000800
   383    0.213649    0.339224    0.000000       0.000800
   384    0.240356    0.354643    0.000000       0.000800
   385    0.267062    0.370062    0.000000       0.000800
   386    0.293768    0.385482    0.000000       0.000800
   387    0.320474    0.400901    0.000000       0.000800
   388    0.347180    0.416320    0.000000       0.000800
   389    0.373886    0.431740    0.000000       0.000800
   390    0.400593    0.447159    0.000000       0.000800
   391    0.427299    0.462578    0.000000       0.000800
   392    0.454005    0.477997    0.000000       0.000800
   393    0.480711    0.493417    0.000000       0.000800
   394    0.507417    0.508836    0.000000       0.000800
   395    0.534123    0.524255    0.000000       0.000800
   396    0.560830    0.539674    0.000000       0.000800
   397    0.587536    0.555094    0.000000       0.000800
   398    0.614242    0.570513    0.000000       0.000800
   399    0.640948    0.585932    0.000000       0.000800
   400    0.667654    0.601351    0.000000       0.000800
   401   -0.640948   -0.123354    0.000000       0.000800
   402   -0.614242   -0.107935    0.000000       0.000800
   403   -0.587536   -0.092516    0.000000       0.000800
   404   -0.560830   -0.077096    0.000000       0.000800
   405   -0.534123   -0.061677    0.000000       0.000800
   406   -0.507417   -0.046258    0.000000       0.000800
   407   -0.480711   -0.030839    0.000000       0.000800
   408   -0.454005   -0.015419    0.000000       0.000800
   409   -0.427299   -0.000000    0.000000       0.000800
   410   -0.400593    0.015419    0.000000       0.000800
   411   -0.373886    0.030839    0.000000       0.000800
   412   -0.347180    0.046258    0.000000       0.000800
   413   -0.320474    0.061677    0.000000       0.000800
   414   -0.293768    0.077096    0.000000       0.000800
   415   -0.267062    0.092516    0.000000       0.000800
   416   -0.240356    0.107935    0.000000       0.000800
   417   -0.213649    0.123354    0.000000       0.000800
   418   -0.186943    0.138773    0.000000       0.000800
   419   -0.160237    0.154193    0.000000       0.000800
   420   -0.133531    0.169612    0.000000       0.000800
   421   -0.106825    0.185031    0.000000       0.000800
   422   -0.080119    0.200450    0.000000       0.000800
   423   -0.053412    0.215870    0.000000       0.000800
   424   -0.026706    0.231289    0.000000       0.000800
   425    0.000000    0.246708    0.000000       0.000800
   426    0.026706    0.262128    0.000000       0.000800
   427    0.053412    0.277547    0.000000       0.000800
   428    0.080119    0.292966    0.000000       0.000800
   429    0.106825    0.308385    0.000000       0.000800
   430    0.133531    0.323805    0.000000       0.000800
   431    0.160237    0.339224    0.000000       0.000800
   432    0.186943    0.354643    0.000000       0.000800
   433    0.213649    0.370062    0.000000       0.000800
   434    0.240356    0.385482    0.000000       0.000800
   435    0.267062    0.400901    0.000000       0.000800
   436    0.293768    0.416320    0.000000       0.000800
   437    0.320474    0.431740    0.000000       0.000800
   438    0.347180    0.447159    0.000000       0.000800
   439    0.373886    0.462578    0.000000       0.000800
   440    0.400593    0.477997    0.000000       0.000800
   441    0.427299    0.493417    0.000000       0.000800
   442    0.454005    0.508836    0.000000       0.000800
   443    0.480711    0.524255    0.000000       0.000800
   444    0.507417    0.539674    0.000000       0.000800
   445    0.534123    0.555094    0.000000       0.000800
   446    0.560830    0.570513    0.000000       0.000800
   447    0.587536    0.585932    0.000000       0.000800
   448    0.614242    0.601351    0.000000       0.000800
   449    0.640948    0.616771    0.000000       0.000800
   450    0.667654    0.632190    0.000000       0.000800
   451   -0.640948   -0.092516    0.000000       0.000800
   452   -0.614242   -0.077096    0.000000       0.000800
   453   -0.587536   -0.061677    0.000000       0.000800
   454   -0.560830   -0.046258    0.000000       0.000800
   455   -0.534123   -0.030839    0.000000       0.000800
   456   -0.507417   -0.015419    0.000000       0.000800
   457   -0.480711   -0.000000    0.000000       0.000800
   458   -0.454005    0.015419    0.000000       0.000800
   459   -0.427299    0.030839    0.000000       0.000800
   460   -0.400593    0.046258    0.000000       0.000800
   461   -0.373886    0.061677    0.000000       0.000800
   462   -0.347180    0.077096    0.000000       0.000800
   463   -0.320474    0.092516    0.000000       0.000800
   464   -0.293768    0.107935    0.000000       0.000800
   465   -0.267062    0.123354    0.000000       0.000800
   466   -0.240356    0.138773    0.000000       0.000800
   467   -0.213649    0.154193    0.000000       0.000800
   468   -0.186943    0.169612    0.000000       0.000800
   469   -0.160237    0.185031    0.000000       0.000800
   470   -0.133531    0.200450    0.000000       0.000800
   471   -0.106825    0.215870    0.000000       0.000800
   472   -0.080119    0.231289    0.000000       0.000800
   473   -0.053412    0.246708    0.000000       0.000800
   474   -0.026706    0.262128    0.000000       0.000800
   475    0.000000    0.277547    0.000000       0.000800
   476    0.026706    0.292966    0.000000       0.000800
   477    0.053412    0.308385    0.000000       0.000800
   478    0.080119    0.323805    0.000000       0.000800
   479    0.106825    0.339224    0.000000       0.000800
   480    0.133531    0.354643    0.000000       0.000800
   481    0.160237    0.370062    0.000000       0.000800
   482    0.186943    0.385482    0.000000       0.000800
   483    0.213649    0.400901    0.000000       0.000800
   484    0.240356    0.416320    0.000000       0.000800
   485    0.267062    0.431740    0.000000       0.000800
   486    0.293768    0.447159    0.000000       0.000800
   487    0.320474    0.462578    0.000000       0.000800
   488    0.347180    0.477997    0.000000       0.000800
   489    0.373886    0.493417    0.000000       0.000800
   490    0.400593    0.508836    0.000000       0.000800
   491    0.427299    0.524255    0.000000       0.000800
   492    0.454005    0.539674    0.000000       0.000800
   493    0.480711    0.555094    0.000000       0.000800
   494    0.507417    0.570513    0.000000       0.000800
   495    0.534123    0.585932    0.000000       0.000800
   496    0.560830    0.601351    0.000000       0.000800
   497    0.587536    0.616771    0.000000       0.000800
   498    0.614242    0.632190    0.000000       0.000800
   499    0.640948    0.647609    0.000000       0.000800
   500    0.667654    0.663029    0.000000       0.000800
   501   -0.640948   -0.061677    0.000000       0.000800
   502   -0.614242   -0.046258    0.000000       0.000800
   503   -0.587536   -0.030839    0.000000       0.000800
   504   -0.560830   -0.015419    0.000000       0.000800
   505   -0.534123   -0.000000    0.000000       0.000800
   506   -0.507417    0.015419    0.000000       0.000800
   507   -0.480711    0.030839    0.000000       0.000800
   508   -0.454005    0.046258    0.000000       0.000800
   509   -0.427299    0.061677    0.000000       0.000800
   510   -0.400593    0.077096    0.000000       0.000800
   511   -0.373886    0.092516    0.000000       0.000800
   512   -0.347180    0.107935    0.000000       0.000800
   513   -0.320474    0.123354    0.000000       0.000800
   514   -0.293768    0.138773    0.000000       0.000800
   515   -0.267062    0.154193    0.000000       0.000800
   516   -0.240356    0.169612    0.000000       0.000800
   517   -0.213649    0.185031    0.000000       0.000800
   518   -0.186943    0.200450    0.000000       0.000800
   519   -0.160237    0.215870    0.000000       0.000800
   520   -0.133531    0.231289    0.000000       0.000800
   521   -0.106825    0.246708    0.000000       0.000800
   522   -0.080119    0.262128    0.000000       0.000800
   523   -0.053412    0.277547    0.000000       0.000800
   524   -0.026706    0.292966    0.000000       0.000800
   525    0.000000    0.308385    0.000000       0.000800
   526    0.026706    0.323805    0.000000       0.000800
   527    0.053412    0.339224    0.000000       0.000800
   528    0.080119    0.354643    0.000000       0.000800
   529    0.106825    0.370062    0.000000       0.000800
   530    0.133531    0.385482    0.000000       0.000800
   531    0.160237    0.400901    0.000000       0.000800
   532    0.186943    0.416320    0.000000       0.000800
   533    0.213649    0.431740    0.000000       0.000800
   534    0.240356    0.447159    0.000000       0.000800
   535    0.267062    0.462578    0.000000       0.000800
   536    0.293768    0.477997    0.000000       0.000800
   537    0.320474    0.493417    0.000000       0.000800
   538    0.347180    0.508836    0.000000       0.000800
   539    0.373886    0.524255    0.000000       0.000800
   540    0.400593    0.539674    0.000000       0.000800
   541    0.427299    0.555094    0.000000       0.000800
   542    0.454005    0.570513    0.000000       0.000800
   543    0.480711    0.585932    0.000000       0.000800
   544    0.507417    0.601351    0.000000       0.000800
   545    0.534123    0.616771    0.000000       0.000800
   546    0.560830    0.632190    0.000000       0.000800
   547    0.587536    0.647609    0.000000       0.000800
   548    0.614242    0.663029    0.000000       0.000800
   549    0.640948    0.678448    0.000000       0.000800
   550    0.667654    0.693867    0.000000       0.000800
   551   -0.640948   -0.030839    0.000000       0.000800
   552   -0.614242   -0.015419    0.000000       0.000800
   553   -0.587536   -0.000000    0.000000       0.000800
   554   -0.560830    0.015419    0.000000       0.000800
   555   -0.534123    0.030839    0.000000       0.000800
   556   -0.507417    0.046258    0.000000       0.000800
   557   -0.480711    0.061677    0.000000       0.000800
   558   -0.454005    0.077096    0.000000       0.000800
   559   -0.427299    0.092516    0.000000       0.000800
   560   -0.400593    0.107935    0.000000       0.000800
   561   -0.373886    0.123354    0.000000       0.000800
   562   -0.347180    0.138773    0.000000       0.000800
   563   -0.320474    0.154193    0.000000       0.000800
   564   -0.293768    0.169612    0.000000       0.000800
   565   -0.267062    0.185031    0.000000       0.000800
   566   -0.240356    0.200450    0.000000       0.000800
   567   -0.213649    0.215870    0.000000       0.000800
   568   -0.186943    0.231289    0.000000       0.000800
   569   -0.160237    0.246708    0.000000       0.000800
   570   -0.133531    0.262128    0.000000       0.000800
   571   -0.106825    0.277547    0.000000       0.000800
   572   -0.080119    0.292966    0.000000       0.000800
   573   -0.053412    0.308385    0.000000       0.000800
   574   -0.026706    0.323805    0.000000       0.000800
   575    0.000000    0.339224    0.000000       0.000800
   576    0.026706    0.354643    0.000000       0.000800
   577    0.053412    0.370062    0.000000       0.000800
   578    0.080119    0.385482    0.000000       0.000800
   579    0.106825    0.400901    0.000000       0.000800
   580    0.133531    0.416320    0.000000       0.000800
   581    0.160237    0.431740    0.000000       0.000800
   582    0.186943    0.447159    0.000000       0.000800
   583    0.213649    0.462578    0.000000       0.000800
   584    0.240356    0.477997    0.000000       0.000800
   585    0.267062    0.493417    0.000000       0.000800
   586    0.293768    0.508836    0.000000       0.000800
   587    0.320474    0.524255    0.000000       0.000800
   588    0.347180    0.539674    0.000000       0.000800
   589    0.373886    0.555094    0.000000       0.000800
   590    0.400593    0.570513    0.000000       0.000800
   591    0.427299    0.585932    0.000000       0.000800
   592    0.454005    0.601351    0.000000       0.000800
   593    0.480711    0.616771    0.000000       0.000800
   594    0.507417    0.632190    0.000000       0.000800
   595    0.534123    0.647609    0.000000       0.000800
   596    0.560830    0.663029    0.000000       0.000800
   597    0.587536    0.678448    0.000000       0.000800
   598    0.614242    0.693867    0.000000       0.000800
   599    0.640948    0.709286    0.000000       0.000800
   600    0.667654    0.724706    0.000000       0.000800
   601   -0.640948   -0.000000    0.000000       0.000800
   602   -0.614242    0.015419    0.000000       0.000800
   603   -0.587536    0.030839    0.000000       0.000800
   604   -0.560830    0.046258    0.000000       0.000800
   605   -0.534123    0.061677    0.000000       0.000800
   606   -0.507417    0.077096    0.000000       0.000800
   607   -0.480711    0.092516    0.000000       0.000800
   608   -0.454005    0.107935    0.000000       0.000800
   609   -0.427299    0.123354    0.000000       0.000800
   610   -0.400593    0.138773    0.000000       0.000800
   611   -0.373886    0.154193    0.000000       0.000800
   612   -0.347180    0.169612    0.000000       0.000800
   613   -0.320474    0.185031    0.000000       0.000800
   614   -0.293768    0.200450    0.000000       0.000800
   615   -0.267062    0.215870    0.000000       0.000800
   616   -0.240356    0.231289    0.000000       0.000800
   617   -0.213649    0.246708    0.000000       0.000800
   618   -0.186943    0.262128    0.000000       0.000800
   619   -0.160237    0.277547    0.000000       0.000800
   620   -0.133531    0.292966    0.000000       0.000800
   621   -0.106825    0.308385    0.000000       0.000800
   622   -0.080119    0.323805    0.000000       0.000800
   623   -0.053412    0.339224    0.000000       0.000800
   624   -0.026706    0.354643    0.000000       0.000800
   625    0.000000    0.370062    0.000000       0.000800
   626    0.026706    0.385482    0.000000       0.000800
   627    0.053412    0.400901    0.000000       0.000800
   628    0.080119    0.416320    0.000000       0.000800
   629    0.106825    0.431740    0.000000       0.000800
   630    0.133531    0.447159    0.000000       0.000800
   631    0.160237    0.462578    0.000000       0.000800
   632    0.186943    0.477997    0.000000       0.000800
   633    0.213649    0.493417    0.000000       0.000800
   634    0.240356    0.508836    0.000000       0.000800
   635    0.267062    0.524255    0.000000       0.000800
   636    0.293768    0.539674    0.000000       0.000800
   637    0.320474    0.555094    0.000000       0.000800
   638    0.347180    0.570513    0.000000       0.000800
   639    0.373886    0.585932    0.000000       0.000800
   640    0.400593    0.601351    0.000000       0.000800
   641    0.427299    0.616771    0.000000       0.000800
   642    0.454005    0.632190    0.000000       0.000800
   643    0.480711    0.647609    0.000000       0.000800
   644    0.507417    0.663029    0.000000       0.000800
   645    0.534123    0.678448    0.000000       0.000800
   646    0.560830    0.693867    0.000000       0.000800
   647    0.587536    0.709286    0.000000       0.000800
   648    0.614242    0.724706    0.000000       0.000800
   649    0.640948    0.740125    0.000000       0.000800
   650    0.667654    0.755544    0.000000       0.000800
   651   -0.640948    0.030839    0.000000       0.000800
   652   -0.614242    0.046258    0.000000       0.000800
   653   -0.587536    0.061677    0.000000       0.000800
   654   -0.560830    0.077096    0.000000       0.000800
   655   -0.534123    0.092516    0.000000       0.000800
   656   -0.507417    0.107935    0.000000       0.000800
   657   -0.480711    0.123354    0.000000       0.000800
   658   -0.454005    0.138773    0.000000       0.000800
   659   -0.427299    0.154193    0.000000       0.000800
   660   -0.400593    0.169612    0.000000       0.000800
   661   -0.373886    0.185031    0.000000       0.000800
   662   -0.347180    0.200450    0.000000       0.000800
   663   -0.320474    0.215870    0.000000       0.000800
   664   -0.293768    0.231289    0.000000       0.000800
   665   -0.267062    0.246708    0.000000       0.000800
   666   -0.240356    0.262128    0.000000       0.000800
   667   -0.213649    0.277547    0.000000       0.000800
   668   -0.186943    0.292966    0.000000       0.000800
   669   -0.160237    0.308385    0.000000       0.000800
   670   -0.133531    0.323805    0.000000       0.000800
   671   -0.106825    0.339224    0.000000       0.000800
   672   -0.080119    0.354643    0.000000       0.000800
   673   -0.053412    0.370062    0.000000       0.000800
   674   -0.026706    0.385482    0.000000       0.000800
   675    0.000000    0.400901    0.000000       0.000800
   676    0.026706    0.416320    0.000000       0.000800
   677    0.053412    0.431740    0.000000       0.000800
   678    0.080119    0.447159    0.000000       0.000800
   679    0.106825    0.462578    0.000000       0.000800
   680    0.133531    0.477997    0.000000       0.000800
   681    0.160237    0.493417    0.000000       0.000800
   682    0.186943    0.508836    0.000000       0.000800
   683    0.213649    0.524255    0.000000       0.000800
   684    0.240356    0.539674    0.000000       0.000800
   685    0.267062    0.555094    0.000000       0.000800
   686    0.293768    0.570513    0.000000       0.000800
   687    0.320474    0.585932    0.000000       0.000800
   688    0.347180    0.601351    0.000000       0.000800
   689    0.373886    0.616771    0.000000       0.000800
   690    0.400593    0.632190    0.000000       0.000800
   691    0.427299    0.647609    0.000000       0.000800
   692    0.454005    0.663029    0.000000       0.000800
   693    0.480711    0.678448    0.000000       0.000800
   694    0.507417    0.693867    0.000000       0.000800
   695    0.534123    0.709286    0.000000       0.000800
   696    0.560830    0.724706    0.000000       0.000800
   697    0.587536    0.740125    0.000000       0.000800
   698    0.614242    0.755544    0.000000       0.000800
   699    0.640948    0.770963    0.000000       0.000800
   700    0.667654    0.786383    0.000000       0.000800
   701   -0.640948    0.061677    0.000000       0.000800
   702   -0.614242    0.077096    0.000000       0.000800
   703   -0.587536    0.092516    0.000000       0.000800
   704   -0.560830    0.107935    0.000000       0.000800
   705   -0.534123    0.123354    0.000000       0.000800
   706   -0.507417    0.138773    0.000000       0.000800
   707   -0.480711    0.154193    0.000000       0.000800
   708   -0.454005    0.169612    0.000000       0.000800
   709   -0.427299    0.185031    0.000000       0.000800
   710   -0.400593    0.200450    0.000000       0.000800
   711   -0.373886    0.215870    0.000000       0.000800
   712   -0.347180    0.231289    0.000000       0.000800
   713   -0.320474    0.246708    0.000000       0.000800
   714   -0.293768    0.262128    0.000000       0.000800
   715   -0.267062    0.277547    0.000000       0.000800
   716   -0.240356    0.292966    0.000000       0.000800
   717   -0.213649    0.308385    0.000000       0.000800
   718   -0.186943    0.323805    0.000000       0.000800
   719   -0.160237    0.339224    0.000000       0.000800
   720   -0.133531    0.354643    0.000000       0.000800
   721   -0.106825    0.370062    0.000000       0.000800
   722   -0.080119    0.385482    0.000000       0.000800
   723   -0.053412    0.400901    0.000000       0.000800
   724   -0.026706    0.416320    0.000000       0.000800
   725    0.000000    0.431740    0.000000       0.000800
   726    0.026706    0.447159    0.000000       0.000800
   727    0.053412    0.462578    0.000000       0.000800
   728    0.080119    0.477997    0.000000       0.000800
   729    0.106825    0.493417    0.000000       0.000800
   730    0.133531    0.508836    0.000000       0.000800
   731    0.160237    0.524255    0.000000       0.000800
   732    0.186943    0.539674    0.000000       0.000800
   733    0.213649    0.555094    0.000000       0.000800
   734    0.240356    0.570513    0.000000       0.000800
   735    0.267062    0.585932    0.000000       0.000800
   736    0.293768    0.601351    0.000000       0.000800
   737    0.320474    0.616771    0.000000       0.000800
   738    0.347180    0.632190    0.000000       0.000800
   739    0.373886    0.647609    0.000000       0.000800
   740    0.400593    0.663029    0.000000       0.000800
   741    0.427299    0.678448    0.000000       0.000800
   742    0.454005    0.693867    0.000000       0.000800
   743    0.480711    0.709286    0.000000       0.000800
   744    0.507417    0.724706    0.000000       0.000800
   745    0.534123    0.740125    0.000000       0.000800
   746    0.560830    0.755544    0.000000       0.000800
   747    0.587536    0.770963    0.000000       0.000800
   748    0.614242    0.786383    0.000000       0.000800
   749    0.640948    0.801802    0.000000       0.000800
   750    0.667654    0.817221    0.000000       0.000800
   751   -0.640948    0.092516    0.000000       0.000800
   752   -0.614242    0.107935    0.000000       0.000800
   753   -0.587536    0.123354    0.000000       0.000800
   754   -0.560830    0.138773    0.000000       0.000800
   755   -0.534123    0.154193    0.000000       0.000800
   756   -0.507417    0.169612    0.000000       0.000800
   757   -0.480711    0.185031    0.000000       0.000800
   758   -0.454005    0.200450    0.000000       0.000800
   759   -0.427299    0.215870    0.000000       0.000800
   760   -0.400593    0.231289    0.000000       0.000800
   761   -0.373886    0.246708    0.000000       0.000800
   762   -0.347180    0.262128    0.000000       0.000800
   763   -0.320474    0.277547    0.000000       0.000800
   764   -0.293768    0.292966    0.000000       0.000800
   765   -0.267062    0.308385    0.000000       0.000800
   766   -0.240356    0.323805    0.000000       0.000800
   767   -0.213649    0.339224    0.000000       0.000800
   768   -0.186943    0.354643    0.000000       0.000800
   769   -0.160237    0.370062    0.000000       0.000800
   770   -0.133531    0.385482    0.000000       0.000800
   771   -0.106825    0.400901    0.000000       0.000800
   772   -0.080119    0.416320    0.000000       0.000800
   773   -0.053412    0.431740    0.000000       0.000800
   774   -0.026706    0.447159    0.000000       0.000800
   775    0.000000    0.462578    0.000000       0.000800
   776    0.026706    0.477997    0.000000       0.000800
   777    0.053412    0.493417    0.000000       0.000800
   778    0.080119    0.508836    0.000000       0.000800
   779    0.106825    0.524255    0.000000       0.000800
   780    0.133531    0.539674    0.000000       0.000800
   781    0.160237    0.555094    0.000000       0.000800
   782    0.186943    0.570513    0.000000       0.000800
   783    0.213649    0.585932    0.000000       0.000800
   784    0.240356    0.601351    0.000000       0.000800
   785    0.267062    0.616771    0.000000       0.000800
   786    0.293768    0.632190    0.000000       0.000800
   787    0.320474    0.647609    0.000000       0.000800
   788    0.347180    0.663029    0.000000       0.000800
   789    0.373886    0.678448    0.000000       0.000800
   790    0.400593    0.693867    0.000000       0.000800
   791    0.427299    0.709286    0.000000       0.000800
   792    0.454005    0.724706    0.000000       0.000800
   793    0.480711    0.740125    0.000000       0.000800
   794    0.507417    0.755544    0.000000       0.000800
   795    0.534123    0.770963    0.000000       0.000800
   796    0.560830    0.786383    0.000000       0.000800
   797    0.587536    0.801802    0.000000       0.000800
   798    0.614242    0.817221    0.000000       0.000800
   799    0.640948    0.832640    0.000000       0.000800
   800    0.667654    0.848060    0.000000       0.000800
   801   -0.640948    0.123354    0.000000       0.000800
   802   -0.614242    0.138773    0.000000       0.000800
   803   -0.587536    0.154193    0.000000       0.000800
   804   -0.560830    0.169612    0.000000       0.000800
   805   -0.534123    0.185031    0.000000       0.000800
   806   -0.507417    0.200450    0.000000       0.000800
   807   -0.480711    0.215870    0.000000       0.000800
   808   -0.454005    0.231289    0.000000       0.000800
   809   -0.427299    0.246708    0.000000       0.000800
   810   -0.400593    0.262128    0.000000       0.000800
   811   -0.373886    0.277547    0.000000       0.000800
   812   -0.347180    0.292966    0.000000       0.000800
   813   -0.320474    0.308385    0.000000       0.000800
   814   -0.293768    0.323805    0.000000       0.000800
   815   -0.267062    0.339224    0.000000       0.000800
   816   -0.240356    0.354643    0.000000       0.000800
   817   -0.213649    0.370062    0.000000       0.000800
   818   -0.186943    0.385482    0.000000       0.000800
   819   -0.160237    0.400901    0.000000       0.000800
   820   -0.133531    0.416320    0.000000       0.000800
   821   -0.106825    0.431740    0.000000       0.000800
   822   -0.080119    0.447159    0.000000       0.000800
   823   -0.053412    0.462578    0.000000       0.000800
   824   -0.026706    0.477997    0.000000       0.000800
   825    0.000000    0.493417    0.000000       0.000800
   826    0.026706    0.508836    0.000000       0.000800
   827    0.053412    0.524255    0.000000       0.000800
   828    0.080119    0.539674    0.000000       0.000800
   829    0.106825    0.555094    0.000000       0.000800
   830    0.133531    0.570513    0.000000       0.000800
   831    0.160237    0.585932    0.000000       0.000800
   832    0.186943    0.601351    0.000000       0.000800
   833    0.213649    0.616771    0.000000       0.000800
   834    0.240356    0.632190    0.000000       0.000800
   835    0.267062    0.647609    0.000000       0.000800
   836    0.293768    0.663029    0.000000       0.000800
   837    0.320474    0.678448    0.000000       0.000800
   838    0.347180    0.693867    0.000000       0.000800
   839    0.373886    0.709286    0.000000       0.000800
   840    0.400593    0.724706    0.000000       0.000800
   841    0.427299    0.740125    0.000000       0.000800
   842    0.454005    0.755544    0.000000       0.000800
   843    0.480711    0.770963    0.000000       0.000800
   844    0.507417    0.786383    0.000000       0.000800
   845    0.534123    0.801802    0.000000       0.000800
   846    0.560830    0.817221    0.000000       0.000800
   847    0.587536    0.832640    0.000000       0.000800
   848    0.614242    0.848060    0.000000       0.000800
   849    0.640948    0.863479    0.000000       0.000800
   850    0.667654    0.878898    0.000000       0.000800
   851   -0.640948    0.154193    0.000000       0.000800
   852   -0.614242    0.169612    0.000000       0.000800
   853   -0.587536    0.185031    0.000000       0.000800
   854   -0.560830    0.200450    0.000000       0.000800
   855   -0.534123    0.215870    0.000000       0.000800
   856   -0.507417    0.231289    0.000000       0.000800
   857   -0.480711    0.246708    0.000000       0.000800
   858   -0.454005    0.262128    0.000000       0.000800
   859   -0.427299    0.277547    0.000000       0.000800
   860   -0.400593    0.292966    0.000000       0.000800
   861   -0.373886    0.308385    0.000000       0.000800
   862   -0.347180    0.323805    0.000000       0.000800
   863   -0.320474    0.339224    0.000000       0.000800
   864   -0.293768    0.354643    0.000000       0.000800
   865   -0.267062    0.370062    0.000000       0.000800
   866   -0.240356    0.385482    0.000000       0.000800
   867   -0.213649    0.400901    0.000000       0.000800
   868   -0.186943    0.416320    0.000000       0.000800
   869   -0.160237    0.431740    0.000000       0.000800
   870   -0.133531    0.447159    0.000000       0.000800
   871   -0.106825    0.462578    0.000000       0.000800
   872   -0.080119    0.477997    0.000000       0.000800
   873   -0.053412    0.493417    0.000000       0.000800
   874   -0.026706    0.508836    0.000000       0.000800
   875    0.000000    0.524255    0.000000       0.000800
   876    0.026706    0.539674    0.000000       0.000800
   877    0.053412    0.555094    0.000000       0.000800
   878    0.080119    0.570513    0.000000       0.000800
   879    0.106825    0.585932    0.000000       0.000800
   880    0.133531    0.601351    0.000000       0.000800
   881    0.160237    0.616771    0.000000       0.000800
   882    0.186943    0.632190    0.000000       0.000800
   883    0.213649    0.647609    0.000000       0.000800
   884    0.240356    0.663029    0.000000       0.000800
   885    0.267062    0.678448    0.000000       0.000800
   886    0.293768    0.693867    0.000000       0.000800
   887    0.320474    0.709286    0.000000       0.000800
   888    0.347180    0.724706    0.000000       0.000800
   889    0.373886    0.740125    0.000000       0.000800
   890    0.400593    0.755544    0.000000       0.000800
   891    0.427299    0.770963    0.000000       0.000800
   892    0.454005    0.786383    0.000000       0.000800
   893    0.480711    0.801802    0.000000       0.000800
   894    0.507417    0.817221    0.000000       0.000800
   895    0.534123    0.832640    0.000000       0.000800
   896    0.560830    0.848060    0.000000       0.000800
   897    0.587536    0.863479    0.000000       0.000800
   898    0.614242    0.878898    0.000000       0.000800
   899    0.640948    0.894318    0.000000       0.000800
   900    0.667654    0.909737    0.000000       0.000800
   901   -0.640948    0.185031    0.000000       0.000800
   902   -0.614242    0.200450    0.000000       0.000800
   903   -0.587536    0.215870    0.000000       0.000800
   904   -0.560830    0.231289    0.000000       0.000800
   905   -0.534123    0.246708    0.000000       0.000800
   906   -0.507417    0.262128    0.000000       0.000800
   907   -0.480711    0.277547    0.000000       0.000800
   908   -0.454005    0.292966    0.000000       0.000800
   909   -0.427299    0.308385    0.000000       0.000800
   910   -0.400593    0.323805    0.000000       0.000800
   911   -0.373886    0.339224    0.000000       0.000800
   912   -0.347180    0.354643    0.000000       0.000800
   913   -0.320474    0.370062    0.000000       0.000800
   914   -0.293768    0.385482    0.000000       0.000800
   915   -0.267062    0.400901    0.000000       0.000800
   916   -0.240356    0.416320    0.000000       0.000800
   917   -0.213649    0.431740    0.000000       0.000800
   918   -0.186943    0.447159    0.000000       0.000800
   919   -0.160237    0.462578    0.000000       0.000800
   920   -0.133531    0.477997    0.000000       0.000800
   921   -0.106825    0.493417    0.000000       0.000800
   922   -0.080119    0.508836    0.000000       0.000800
   923   -0.053412    0.524255    0.000000       0.000800
   924   -0.026706    0.539674    0.000000       0.000800
   925    0.000000    0.555094    0.000000       0.000800
   926    0.026706    0.570513    0.000000       0.000800
   927    0.053412    0.585932    0.000000       0.000800
   928    0.080119    0.601351    0.000000       0.000800
   929    0.106825    0.616771    0.000000       0.000800
   930    0.133531    0.632190    0.000000       0.000800
   931    0.160237    0.647609    0.000000       0.000800
   932    0.186943    0.663029    0.000000       0.000800
   933    0.213649    0.678448    0.000000       0.000800
   934    0.240356    0.693867    0.000000       0.000800
   935    0.267062    0.709286    0.000000       0.000800
   936    0.293768    0.724706    0.000000       0.000800
   937    0.320474    0.740125    0.000000       0.000800
   938    0.347180    0.755544    0.000000       0.000800
   939    0.373886    0.770963    0.000000       0.000800
   940    0.400593    0.786383    0.000000       0.000800
   941    0.427299    0.801802    0.000000       0.000800
   942    0.454005    0.817221    0.000000       0.000800
   943    0.480711    0.832640    0.000000       0.000800
   944    0.507417    0.848060    0.000000       0.000800
   945    0.534123    0.863479    0.000000       0.000800
   946    0.560830    0.878898    0.000000       0.000800
   947    0.587536    0.894318    0.000000       0.000800
   948    0.614242    0.909737    0.000000       0.000800
   949    0.640948    0.925156    0.000000       0.000800
   950    0.667654    0.940575    0.000000       0.000800
   951   -0.640948    0.215870    0.000000       0.000800
   952   -0.614242    0.231289    0.000000       0.000800
   953   -0.587536    0.246708    0.000000       0.000800
   954   -0.560830    0.262128    0.000000       0.000800
   955   -0.534123    0.277547    0.000000       0.000800
   956   -0.507417    0.292966    0.000000       0.000800
   957   -0.480711    0.308385    0.000000       0.000800
   958   -0.454005    0.323805    0.000000       0.000800
   959   -0.427299    0.339224    0.000000       0.000800
   960   -0.400593    0.354643    0.000000       0.000800
   961   -0.373886    0.370062    0.000000       0.000800
   962   -0.347180    0.385482    0.000000       0.000800
   963   -0.320474    0.400901    0.000000       0.000800
   964   -0.293768    0.416320    0.000000       0.000800
   965   -0.267062    0.431740    0.000000       0.000800
   966   -0.240356    0.447159    0.000000       0.000800
   967   -0.213649    0.462578    0.000000       0.000800
   968   -0.186943    0.477997    0.000000       0.000800
   969   -0.160237    0.493417    0.000000       0.000800
   970   -0.133531    0.508836    0.000000       0.000800
   971   -0.106825    0.524255    0.000000       0.000800
   972   -0.080119    0.539674    0.000000       0.000800
   973   -0.053412    0.555094    0.000000       0.000800
   974   -0.026706    0.570513    0.000000       0.000800
   975    0.000000    0.585932    0.000000       0.000800
   976    0.026706    0.601351    0.000000       0.000800
   977    0.053412    0.616771    0.000000       0.000800
   978    0.080119    0.632190    0.000000       0.000800
   979    0.106825    0.647609    0.000000       0.000800
   980    0.133531    0.663029    0.000000       0.000800
   981    0.160237    0.678448    0.000000       0.000800
   982    0.186943    0.693867    0.000000       0.000800
   983    0.213649    0.709286    0.000000       0.000800
   984    0.240356    0.724706    0.000000       0.000800
   985    0.267062    0.740125    0.000000       0.000800
   986    0.293768    0.755544    0.000000       0.000800
   987    0.320474    0.770963    0.000000       0.000800
   988    0.347180    0.786383    0.000000       0.000800
   989    0.373886    0.801802    0.000000       0.000800
   990    0.400593    0.817221    0.000000       0.000800
   991    0.427299    0.832640    0.000000       0.000800
   992    0.454005    0.848060    0.000000       0.000800
   993    0.480711    0.863479    0.000000       0.000800
   994    0.507417    0.878898    0.000000       0.000800
   995    0.534123    0.894318    0.000000       0.000800
   996    0.560830    0.909737    0.000000       0.000800
   997    0.587536    0.925156    0.000000       0.000800
   998    0.614242    0.940575    0.000000       0.000800
   999    0.640948    0.955995    0.000000       0.000800
  1000    0.667654    0.971414    0.000000       0.000800
  1001   -0.640948    0.246708    0.000000       0.000800
  1002   -0.614242    0.262128    0.000000       0.000800
  1003   -0.587536    0.277547    0.000000       0.000800
  1004   -0.560830    0.292966    0.000000       0.000800
  1005   -0.534123    0.308385    0.000000       0.000800
  1006   -0.507417    0.323805    0.000000       0.000800
  1007   -0.480711    0.339224    0.000000       0.000800
  1008   -0.454005    0.354643    0.000000       0.000800
  1009   -0.427299    0.370062    0.000000       0.000800
  1010   -0.400593    0.385482    0.000000       0.000800
  1011   -0.373886    0.400901    0.000000       0.000800
  1012   -0.347180    0.416320    0.000000       0.000800
  1013   -0.320474    0.431740    0.000000       0.000800
  1014   -0.293768    0.447159    0.000000       0.000800
  1015   -0.267062    0.462578    0.000000       0.000800
  1016   -0.240356    0.477997    0.000000       0.000800
  1017   -0.213649    0.493417    0.000000       0.000800
  1018   -0.186943    0.508836    0.000000       0.000800
  1019   -0.160237    0.524255    0.000000       0.000800
  1020   -0.133531    0.539674    0.000000       0.000800
  1021   -0.106825    0.555094    0.000000       0.000800
  1022   -0.080119    0.570513    0.000000       0.000800
  1023   -0.053412    0.585932    0.000000       0.000800
  1024   -0.026706    0.601351    0.000000       0.000800
  1025    0.000000    0.616771    0.000000       0.000800
  1026    0.026706    0.632190    0.000000       0.000800
  1027    0.053412    0.647609    0.000000       0.000800
  1028    0.080119    0.663029    0.000000       0.000800
  1029    0.106825    0.678448    0.000000       0.000800
  1030    0.133531    0.693867    0.000000       0.000800
  1031    0.160237    0.709286    0.000000       0.000800
  1032    0.186943    0.724706    0.000000       0.000800
  1033    0.213649    0.740125    0.000000       0.000800
  1034    0.240356    0.755544    0.000000       0.000800
  1035    0.267062    0.770963    0.000000       0.000800
  1036    0.293768    0.786383    0.000000       0.000800
  1037    0.320474    0.801802    0.000000       0.000800
  1038    0.347180    0.817221    0.000000       0.000800
  1039    0.373886    0.832640    0.000000       0.000800
  1040    0.400593    0.848060    0.000000       0.000800
  1041    0.427299    0.863479    0.000000       0.000800
  1042    0.454005    0.878898    0.000000       0.000800
  1043    0.480711    0.894318    0.000000       0.000800
  1044    0.507417    0.909737    0.000000       0.000800
  1045    0.534123    0.925156    0.000000       0.000800
  1046    0.560830    0.940575    0.000000       0.000800
  1047    0.587536    0.955995    0.000000       0.000800
  1048    0.614242    0.971414    0.000000       0.000800
  1049    0.640948    0.986833    0.000000       0.000800
  1050    0.667654    1.002252    0.000000       0.000800
  1051   -0.640948    0.277547    0.000000       0.000800
  1052   -0.614242    0.292966    0.000000       0.000800
  1053   -0.587536    0.308385    0.000000       0.000800
  1054   -0.560830    0.323805    0.000000       0.000800
  1055   -0.534123    0.339224    0.000000       0.000800
  1056   -0.507417    0.354643    0.000000       0.000800
  1057   -0.480711    0.370062    0.000000       0.000800
  1058   -0.454005    0.385482    0.000000       0.000800
  1059   -0.427299    0.400901    0.000000       0.000800
  1060   -0.400593    0.416320    0.000000       0.000800
  1061   -0.373886    0.431740    0.000000       0.000800
  1062   -0.347180    0.447159    0.000000       0.000800
  1063   -0.320474    0.462578    0.000000       0.000800
  1064   -0.293768    0.477997    0.000000       0.000800
  1065   -0.267062    0.493417    0.000000       0.000800
  1066   -0.240356    0.508836    0.000000       0.000800
  1067   -0.213649    0.524255    0.000000       0.000800
  1068   -0.186943    0.539674    0.000000       0.000800
  1069   -0.160237    0.555094    0.000000       0.000800
  1070   -0.133531    0.570513    0.000000       0.000800
  1071   -0.106825    0.585932    0.000000       0.000800
  1072   -0.080119    0.601351    0.000000       0.000800
  1073   -0.053412    0.616771    0.000000       0.000800
  1074   -0.026706    0.632190    0.000000       0.000800
  1075    0.000000    0.647609    0.000000       0.000800
  1076    0.026706    0.663029    0.000000       0.000800
  1077    0.053412    0.678448    0.000000       0.000800
  1078    0.080119    0.693867    0.000000       0.000800
  1079    0.106825    0.709286    0.000000       0.000800
  1080    0.133531    0.724706    0.000000       0.000800
  1081    0.160237    0.740125    0.000000       0.000800
  1082    0.186943    0.755544    0.000000       0.000800
  1083    0.213649    0.770963    0.000000       0.000800
  1084    0.240356    0.786383    0.000000       0.000800
  1085    0.267062    0.801802    0.000000       0.000800
  1086    0.293768    0.817221    0.000000       0.000800
  1087    0.320474    0.832640    0.000000       0.000800
  1088    0.347180    0.848060    0.000000       0.000800
  1089    0.373886    0.863479    0.000000       0.000800
  1090    0.400593    0.878898    0.000000       0.000800
  1091    0.427299    0.894318    0.000000       0.000800
  1092    0.454005    0.909737    0.000000       0.000800
  1093    0.480711    0.925156    0.000000       0.000800
  1094    0.507417    0.940575    0.000000       0.000800
  1095    0.534123    0.955995    0.000000       0.000800
  1096    0.560830    0.971414    0.000000       0.000800
  1097    0.587536    0.986833    0.000000       0.000800
  1098    0.614242    1.002252    0.000000       0.000800
  1099    0.640948    1.017672    0.000000       0.000800
  1100    0.667654    1.033091    0.000000       0.000800
  1101   -0.640948    0.308385    0.000000       0.000800
  1102   -0.614242    0.323805    0.000000       0.000800
  1103   -0.587536    0.339224    0.000000       0.000800
  1104   -0.560830    0.354643    0.000000       0.000800
  1105   -0.534123    0.370062    0.000000       0.000800
  1106   -0.507417    0.385482    0.000000       0.000800
  1107   -0.480711    0.400901    0.000000       0.000800
  1108   -0.454005    0.416320    0.000000       0.000800
  1109   -0.427299    0.431740    0.000000       0.000800
  1110   -0.400593    0.447159    0.000000       0.000800
  1111   -0.373886    0.462578    0.000000       0.000800
  1112   -0.347180    0.477997    0.000000       0.000800
  1113   -0.320474    0.493417    0.000000       0.000800
  1114   -0.293768    0.508836    0.000000       0.000800
  1115   -0.267062    0.524255    0.000000       0.000800
  1116   -0.240356    0.539674    0.000000       0.000800
  1117   -0.213649    0.555094    0.000000       0.000800
  1118   -0.186943    0.570513    0.000000       0.000800
  1119   -0.160237    0.585932    0.000000       0.000800
  1120   -0.133531    0.601351    0.000000       0.000800
  1121   -0.106825    0.616771    0.000000       0.000800
  1122   -0.080119    0.632190    0.000000       0.000800
  1123   -0.053412    0.647609    0.000000       0.000800
  1124   -0.026706    0.663029    0.000000       0.000800
  1125    0.000000    0.678448    0.000000       0.000800
  1126    0.026706    0.693867    0.000000       0.000800
  1127    0.053412    0.709286    0.000000       0.000800
  1128    0.080119    0.724706    0.000000       0.000800
  1129    0.106825    0.740125    0.000000       0.000800
  1130    0.133531    0.755544    0.000000       0.000800
  1131    0.160237    0.770963    0.000000       0.000800
  1132    0.186943    0.786383    0.000000       0.000800
  1133    0.213649    0.801802    0.000000       0.000800
  1134    0.240356    0.817221    0.000000       0.000800
  1135    0.267062    0.832640    0.000000       0.000800
  1136    0.293768    0.848060    0.000000       0.000800
  1137    0.320474    0.863479    0.000000       0.000800
  1138    0.347180    0.878898    0.000000       0.000800
  1139    0.373886    0.894318    0.000000       0.000800
  1140    0.400593    0.909737    0.000000       0.000800
  1141    0.427299    0.925156    0.000000       0.000800
  1142    0.454005    0.940575    0.000000       0.000800
  1143    0.480711    0.955995    0.000000       0.000800
  1144    0.507417    0.971414    0.000000       0.000800
  1145    0.534123    0.986833    0.000000       0.000800
  1146    0.560830    1.002252    0.000000       0.000800
  1147    0.587536    1.017672    0.000000       0.000800
  1148    0.614242    1.033091    0.000000       0.000800
  1149    0.640948    1.048510    0.000000       0.000800
  1150    0.667654    1.063930    0.000000       0.000800
  1151   -0.640948    0.339224    0.000000       0.000800
  1152   -0.614242    0.354643    0.000000       0.000800
  1153   -0.587536    0.370062    0.000000       0.000800
  1154   -0.560830    0.385482    0.000000       0.000800
  1155   -0.534123    0.400901    0.000000       0.000800
  1156   -0.507417    0.416320    0.000000       0.000800
  1157   -0.480711    0.431740    0.000000       0.000800
  1158   -0.454005    0.447159    0.000000       0.000800
  1159   -0.427299    0.462578    0.000000       0.000800
  1160   -0.400593    0.477997    0.000000       0.000800
  1161   -0.373886    0.493417    0.000000       0.000800
  1162   -0.347180    0.508836    0.000000       0.000800
  1163   -0.320474    0.524255    0.000000       0.000800
  1164   -0.293768    0.539674    0.000000       0.000800
  1165   -0.267062    0.555094    0.000000       0.000800
  1166   -0.240356    0.570513    0.000000       0.000800
  1167   -0.213649    0.585932    0.000000       0.000800
  1168   -0.186943    0.601351    0.000000       0.000800
  1169   -0.160237    0.616771    0.000000       0.000800
  1170   -0.133531    0.632190    0.000000       0.000800
  1171   -0.106825    0.647609    0.000000       0.000800
  1172   -0.080119    0.663029    0.000000       0.000800
  1173   -0.053412    0.678448    0.000000       0.000800
  1174   -0.026706    0.693867    0.000000       0.000800
  1175    0.000000    0.709286    0.000000       0.000800
  1176    0.026706    0.724706    0.000000       0.000800
  1177    0.053412    0.740125    0.000000       0.000800
  1178    0.080119    0.755544    0.000000       0.000800
  1179    0.106825    0.770963    0.000000       0.000800
  1180    0.133531    0.786383    0.000000       0.000800
  1181    0.160237    0.801802    0.000000       0.000800
  1182    0.186943    0.817221    0.000000       0.000800
  1183    0.213649    0.832640    0.000000       0.000800
  1184    0.240356    0.848060    0.000000       0.000800
  1185    0.267062    0.863479    0.000000       0.000800
  1186    0.293768    0.878898    0.000000       0.000800
  1187    0.320474    0.894318    0.000000       0.000800
  1188    0.347180    0.909737    0.000000       0.000800
  1189    0.373886    0.925156    0.000000       0.000800
  1190    0.400593    0.940575    0.000000       0.000800
  1191    0.427299    0.955995    0.000000       0.000800
  1192    0.454005    0.971414    0.000000       0.000800
  1193    0.480711    0.986833    0.000000       0.000800
  1194    0.507417    1.002252    0.000000       0.000800
  1195    0.534123    1.017672    0.000000       0.000800
  1196    0.560830    1.033091    0.000000       0.000800
  1197    0.587536    1.048510    0.000000       0.000800
  1198    0.614242    1.063930    0.000000       0.000800
  1199    0.640948    1.079349    0.000000       0.000800
  1200    0.667654    1.094768    0.000000       0.000800
  1201   -0.640948    0.370062    0.000000       0.000800
  1202   -0.614242    0.385482    0.000000       0.000800
  1203   -0.587536    0.400901    0.000000       0.000800
  1204   -0.560830    0.416320    0.000000       0.000800
  1205   -0.534123    0.431740    0.000000       0.000800
  1206   -0.507417    0.447159    0.000000       0.000800
  1207   -0.480711    0.462578    0.000000       0.000800
  1208   -0.454005    0.477997    0.000000       0.000800
  1209   -0.427299    0.493417    0.000000       0.000800
  1210   -0.400593    0.508836    0.000000       0.000800
  1211   -0.373886    0.524255    0.000000       0.000800
  1212   -0.347180    0.539674    0.000000       0.000800
  1213   -0.320474    0.555094    0.000000       0.000800
  1214   -0.293768    0.570513    0.000000       0.000800
  1215   -0.267062    0.585932    0.000000       0.000800
  1216   -0.240356    0.601351    0.000000       0.000800
  1217   -0.213649    0.616771    0.000000       0.000800
  1218   -0.186943    0.632190    0.000000       0.000800
  1219   -0.160237    0.647609    0.000000       0.000800
  1220   -0.133531    0.663029    0.000000       0.000800
  1221   -0.106825    0.678448    0.000000       0.000800
  1222   -0.080119    0.693867    0.000000       0.000800
  1223   -0.053412    0.709286    0.000000       0.000800
  1224   -0.026706    0.724706    0.000000       0.000800
  1225    0.000000    0.740125    0.000000       0.000800
  1226    0.026706    0.755544    0.000000       0.000800
  1227    0.053412    0.770963    0.000000       0.000800
  1228    0.080119    0.786383    0.000000       0.000800
  1229    0.106825    0.801802    0.000000       0.000800
  1230    0.133531    0.817221    0.000000       0.000800
  1231    0.160237    0.832640    0.000000       0.000800
  1232    0.186943    0.848060    0.000000       0.000800
  1233    0.213649    0.863479    0.000000       0.000800
  1234    0.240356    0.878898    0.000000       0.000800
  1235    0.267062    0.894318    0.000000       0.000800
  1236    0.293768    0.909737    0.000000       0.000800
  1237    0.320474    0.925156    0.000000       0.000800
  1238    0.347180    0.940575    0.000000       0.000800
  1239    0.373886    0.955995    0.000000       0.000800
  1240    0.400593    0.971414    0.000000       0.000800
  1241    0.427299    0.986833    0.000000       0.000800
  1242    0.454005    1.002252    0.000000       0.000800
  1243    0.480711    1.017672    0.000000       0.000800
  1244    0.507417    1.033091    0.000000       0.000800
  1245    0.534123    1.048510    0.000000       0.000800
  1246    0.560830    1.063930    0.000000       0.000800
  1247    0.587536    1.079349    0.000000       0.000800
  1248    0.614242    1.094768    0.000000       0.000800
  1249    0.640948    1.110187    0.000000       0.000800
  1250    0.667654    1.125607    0.000000       0.000800
  1251   -0.640948    0.400901    0.000000       0.000400
  1252   -0.614242    0.416320    0.000000       0.000400
  1253   -0.587536    0.431740    0.000000       0.000400
  1254   -0.560830    0.447159    0.000000       0.000400
  1255   -0.534123    0.462578    0.000000       0.000400
  1256   -0.507417    0.477997    0.000000       0.000400
  1257   -0.480711    0.493417    0.000000       0.000400
  1258   -0.454005    0.508836    0.000000       0.000400
  1259   -0.427299    0.524255    0.000000       0.000400
  1260   -0.400593    0.539674    0.000000       0.000400
  1261   -0.373886    0.555094    0.000000       0.000400
  1262   -0.347180    0.570513    0.000000       0.000400
  1263   -0.320474    0.585932    0.000000       0.000400
  1264   -0.293768    0.601351    0.000000       0.000400
  1265   -0.267062    0.616771    0.000000       0.000400
  1266   -0.240356    0.632190    0.000000       0.000400
  1267   -0.213649    0.647609    0.000000       0.000400
  1268   -0.186943    0.663029    0.000000       0.000400
  1269   -0.160237    0.678448    0.000000       0.000400
  1270   -0.133531    0.693867    0.000000       0.000400
  1271   -0.106825    0.709286    0.000000       0.000400
  1272   -0.080119    0.724706    0.000000       0.000400
  1273   -0.053412    0.740125    0.000000       0.000400
  1274   -0.026706    0.755544    0.000000       0.000400
  1275    0.000000    0.770963    0.000000       0.000400
  1276    0.026706    0.786383    0.000000       0.000400
  1277    0.053412    0.801802    0.000000       0.000400
  1278    0.080119    0.817221    0.000000       0.000400
  1279    0.106825    0.832640    0.000000       0.000400
  1280    0.133531    0.848060    0.000000       0.000400
  1281    0.160237    0.863479    0.000000       0.000400
  1282    0.186943    0.878898    0.000000       0.000400
  1283    0.213649    0.894318    0.000000       0.000400
  1284    0.240356    0.909737    0.000000       0.000400
  1285    0.267062    0.925156    0.000000       0.000400
  1286    0.293768    0.940575    0.000000       0.000400
  1287    0.320474    0.955995    0.000000       0.000400
  1288    0.347180    0.971414    0.000000       0.000400
  1289    0.373886    0.986833    0.000000       0.000400
  1290    0.400593    1.002252    0.000000       0.000400
  1291    0.427299    1.017672    0.000000       0.000400
  1292    0.454005    1.033091    0.000000       0.000400
  1293    0.480711    1.048510    0.000000       0.000400
  1294    0.507417    1.063930    0.000000       0.000400
  1295    0.534123    1.079349    0.000000       0.000400
  1296    0.560830    1.094768    0.000000       0.000400
  1297    0.587536    1.110187    0.000000       0.000400
  1298    0.614242    1.125607    0.000000       0.000400
  1299    0.640948    1.141026    0.000000       0.000400
  1300    0.667654    1.156445    0.000000       0.000400
