   144
     1   -0.000002   -0.000002   -0.401856       0.004630
     2   -0.100465    0.100462   -0.301392       0.004630
     3   -0.200928    0.200926   -0.200928       0.004630
     4   -0.301391    0.301390   -0.100464       0.004630
     5   -0.401854    0.401854   -0.000000       0.004630
     6   -0.502316    0.502318    0.100464       0.004630
     7    0.100462   -0.100465   -0.301392       0.004630
     8   -0.000001   -0.000001   -0.200928       0.004630
     9   -0.100464    0.100463   -0.100464       0.004630
    10   -0.200927    0.200927   -0.000000       0.004630
    11   -0.301390    0.301391    0.100464       0.004630
    12   -0.401852    0.401855    0.200928       0.004630
    13    0.200926   -0.200928   -0.200928       0.004630
    14    0.100463   -0.100464   -0.100464       0.004630
    15    0.000000    0.000000    0.000000       0.004630
    16   -0.100463    0.100464    0.100464       0.004630
    17   -0.200926    0.200928    0.200928       0.004630
    18   -0.301388    0.301392    0.301392       0.004630
    19    0.301390   -0.301391   -0.100464       0.004630
    20    0.200927   -0.200927    0.000000       0.004630
    21    0.100464   -0.100463    0.100464       0.004630
    22    0.000001    0.000001    0.200928       0.004630
    23   -0.100462    0.100465    0.301392       0.004630
    24   -0.200924    0.200929    0.401856       0.004630
    25    0.401854   -0.401854    0.000000       0.004630
    26    0.301391   -0.301390    0.100464       0.004630
    27    0.200928   -0.200926    0.200928       0.004630
    28    0.100465   -0.100462    0.301392       0.004630
    29    0.000002    0.000002    0.401856       0.004630
    30   -0.100460    0.100466    0.502320       0.004630
    31    0.502318   -0.502316    0.100464       0.004630
    32    0.401855   -0.401852    0.200928       0.004630
    33    0.301392   -0.301388    0.301392       0.004630
    34    0.200929   -0.200924    0.401856       0.004630
    35    0.100466   -0.100460    0.502320       0.004630
    36    0.000004    0.000004    0.602784       0.004630
    37    0.100462    0.100462   -0.502319       0.009259
    38   -0.000001    0.200926   -0.401855       0.009259
    39   -0.100464    0.301390   -0.301391       0.009259
    40   -0.200927    0.401854   -0.200927       0.009259
    41   -0.301390    0.502318   -0.100463       0.009259
    42   -0.401852    0.602782    0.000001       0.009259
    43    0.200926   -0.000001   -0.401855       0.009259
    44    0.100463    0.100463   -0.301391       0.009259
    45   -0.000000    0.200927   -0.200927       0.009259
    46   -0.100463    0.301391   -0.100463       0.009259
    47   -0.200926    0.401855    0.000001       0.009259
    48   -0.301388    0.502319    0.100465       0.009259
    49    0.301390   -0.100464   -0.301391       0.009259
    50    0.200927   -0.000000   -0.200927       0.009259
    51    0.100464    0.100464   -0.100463       0.009259
    52    0.000001    0.200928    0.000001       0.009259
    53   -0.100462    0.301392    0.100465       0.009259
    54   -0.200924    0.401856    0.200929       0.009259
    55    0.401854   -0.200927   -0.200927       0.009259
    56    0.301391   -0.100463   -0.100463       0.009259
    57    0.200928    0.000001    0.000001       0.009259
    58    0.100465    0.100465    0.100465       0.009259
    59    0.000002    0.200929    0.200929       0.009259
    60   -0.100460    0.301393    0.301393       0.009259
    61    0.502318   -0.301390   -0.100463       0.009259
    62    0.401855   -0.200926    0.000001       0.009259
    63    0.301392   -0.100462    0.100465       0.009259
    64    0.200929    0.000002    0.200929       0.009259
    65    0.100466    0.100466    0.301393       0.009259
    66    0.000004    0.200930    0.401857       0.009259
    67    0.602782   -0.401852    0.000001       0.009259
    68    0.502319   -0.301388    0.100465       0.009259
    69    0.401856   -0.200924    0.200929       0.009259
    70    0.301393   -0.100460    0.301393       0.009259
    71    0.200930    0.000004    0.401857       0.009259
    72    0.100468    0.100468    0.502321       0.009259
    73    0.200926    0.200926   -0.602782       0.009259
    74    0.100463    0.301390   -0.502318       0.009259
    75   -0.000000    0.401854   -0.401854       0.009259
    76   -0.100463    0.502318   -0.301390       0.009259
    77   -0.200926    0.602782   -0.200926       0.009259
    78   -0.301388    0.703246   -0.100462       0.009259
    79    0.301390    0.100463   -0.502318       0.009259
    80    0.200927    0.200927   -0.401854       0.009259
    81    0.100464    0.301391   -0.301390       0.009259
    82    0.000001    0.401855   -0.200926       0.009259
    83   -0.100462    0.502319   -0.100462       0.009259
    84   -0.200924    0.602783    0.000002       0.009259
    85    0.401854   -0.000000   -0.401854       0.009259
    86    0.301391    0.100464   -0.301390       0.009259
    87    0.200928    0.200928   -0.200926       0.009259
    88    0.100465    0.301392   -0.100462       0.009259
    89    0.000002    0.401856    0.000002       0.009259
    90   -0.100460    0.502320    0.100466       0.009259
    91    0.502318   -0.100463   -0.301390       0.009259
    92    0.401855    0.000001   -0.200926       0.009259
    93    0.301392    0.100465   -0.100462       0.009259
    94    0.200929    0.200929    0.000002       0.009259
    95    0.100466    0.301393    0.100466       0.009259
    96    0.000004    0.401857    0.200930       0.009259
    97    0.602782   -0.200926   -0.200926       0.009259
    98    0.502319   -0.100462   -0.100462       0.009259
    99    0.401856    0.000002    0.000002       0.009259
   100    0.301393    0.100466    0.100466       0.009259
   101    0.200930    0.200930    0.200930       0.009259
   102    0.100468    0.301394    0.301394       0.009259
   103    0.703246   -0.301388   -0.100462       0.009259
   104    0.602783   -0.200924    0.000002       0.009259
   105    0.502320   -0.100460    0.100466       0.009259
   106    0.401857    0.000004    0.200930       0.009259
   107    0.301394    0.100468    0.301394       0.009259
   108    0.200932    0.200932    0.401858       0.009259
   109    0.301390    0.301390   -0.703244       0.004630
   110    0.200927    0.401854   -0.602780       0.004630
   111    0.100464    0.502318   -0.502316       0.004630
   112    0.000001    0.602782   -0.401852       0.004630
   113   -0.100462    0.703246   -0.301388       0.004630
   114   -0.200924    0.803710   -0.200924       0.004630
   115    0.401854    0.200927   -0.602780       0.004630
   116    0.301391    0.301391   -0.502316       0.004630
   117    0.200928    0.401855   -0.401852       0.004630
   118    0.100465    0.502319   -0.301388       0.004630
   119    0.000002    0.602783   -0.200924       0.004630
   120   -0.100460    0.703247   -0.100460       0.004630
   121    0.502318    0.100464   -0.502316       0.004630
   122    0.401855    0.200928   -0.401852       0.004630
   123    0.301392    0.301392   -0.301388       0.004630
   124    0.200929    0.401856   -0.200924       0.004630
   125    0.100466    0.502320   -0.100460       0.004630
   126    0.000004    0.602784    0.000004       0.004630
   127    0.602782    0.000001   -0.401852       0.004630
   128    0.502319    0.100465   -0.301388       0.004630
   129    0.401856    0.200929   -0.200924       0.004630
   130    0.301393    0.301393   -0.100460       0.004630
   131    0.200930    0.401857    0.000004       0.004630
   132    0.100468    0.502321    0.100468       0.004630
   133    0.703246   -0.100462   -0.301388       0.004630
   134    0.602783    0.000002   -0.200924       0.004630
   135    0.502320    0.100466   -0.100460       0.004630
   136    0.401857    0.200930    0.000004       0.004630
   137    0.301394    0.301394    0.100468       0.004630
   138    0.200932    0.401858    0.200932       0.004630
   139    0.803710   -0.200924   -0.200924       0.004630
   140    0.703247   -0.100460   -0.100460       0.004630
   141    0.602784    0.000004    0.000004       0.004630
   142    0.502321    0.100468    0.100468       0.004630
   143    0.401858    0.200932    0.200932       0.004630
   144    0.301396    0.301396    0.301396       0.004630
