   320
     1   -0.000002   -0.000002   -0.452990       0.001953
     2   -0.075500    0.075496   -0.377492       0.001953
     3   -0.150997    0.150994   -0.301993       0.001953
     4   -0.226495    0.226493   -0.226495       0.001953
     5   -0.301993    0.301991   -0.150997       0.001953
     6   -0.377490    0.377489   -0.075498       0.001953
     7   -0.452988    0.452988    0.000000       0.001953
     8   -0.528485    0.528486    0.075498       0.001953
     9    0.075496   -0.075500   -0.377492       0.001953
    10   -0.000001   -0.000001   -0.301993       0.001953
    11   -0.075499    0.075497   -0.226495       0.001953
    12   -0.150997    0.150995   -0.150997       0.001953
    13   -0.226494    0.226494   -0.075498       0.001953
    14   -0.301992    0.301992    0.000000       0.001953
    15   -0.377489    0.377490    0.075498       0.001953
    16   -0.452987    0.452989    0.150997       0.001953
    17    0.150994   -0.150997   -0.301993       0.001953
    18    0.075497   -0.075499   -0.226495       0.001953
    19   -0.000001   -0.000001   -0.150997       0.001953
    20   -0.075498    0.075498   -0.075498       0.001953
    21   -0.150996    0.150996    0.000000       0.001953
    22   -0.226494    0.226494    0.075498       0.001953
    23   -0.301991    0.301993    0.150997       0.001953
    24   -0.377489    0.377491    0.226495       0.001953
    25    0.226493   -0.226495   -0.226495       0.001953
    26    0.150995   -0.150997   -0.150997       0.001953
    27    0.075498   -0.075498   -0.075498       0.001953
    28    0.000000    0.000000    0.000000       0.001953
    29   -0.075498    0.075498    0.075498       0.001953
    30   -0.150995    0.150997    0.150997       0.001953
    31   -0.226493    0.226495    0.226495       0.001953
    32   -0.301990    0.301993    0.301993       0.001953
    33    0.301991   -0.301993   -0.150997       0.001953
    34    0.226494   -0.226494   -0.075498       0.001953
    35    0.150996   -0.150996   -0.000000       0.001953
    36    0.075498   -0.075498    0.075498       0.001953
    37    0.000001    0.000001    0.150997       0.001953
    38   -0.075497    0.075499    0.226495       0.001953
    39   -0.150994    0.150997    0.301993       0.001953
    40   -0.226492    0.226496    0.377492       0.001953
    41    0.377489   -0.377490   -0.075498       0.001953
    42    0.301992   -0.301992   -0.000000       0.001953
    43    0.226494   -0.226494    0.075498       0.001953
    44    0.150997   -0.150995    0.150997       0.001953
    45    0.075499   -0.075497    0.226495       0.001953
    46    0.000001    0.000001    0.301993       0.001953
    47   -0.075496    0.075500    0.377492       0.001953
    48   -0.150994    0.150998    0.452990       0.001953
    49    0.452988   -0.452988   -0.000000       0.001953
    50    0.377490   -0.377489    0.075498       0.001953
    51    0.301993   -0.301991    0.150997       0.001953
    52    0.226495   -0.226493    0.226495       0.001953
    53    0.150997   -0.150994    0.301993       0.001953
    54    0.075500   -0.075496    0.377492       0.001953
    55    0.000002    0.000002    0.452990       0.001953
    56   -0.075495    0.075501    0.528488       0.001953
    57    0.528486   -0.528485    0.075498       0.001953
    58    0.452989   -0.452987    0.150997       0.001953
    59    0.377491   -0.377489    0.226495       0.001953
    60    0.301993   -0.301990    0.301993       0.001953
    61    0.226496   -0.226492    0.377492       0.001953
    62    0.150998   -0.150994    0.452990       0.001953
    63    0.075501   -0.075495    0.528488       0.001953
    64    0.000003    0.000003    0.603987       0.001953
    65    0.075496    0.075496   -0.528488       0.003906
    66   -0.000001    0.150994   -0.452989       0.003906
    67   -0.075499    0.226493   -0.377491       0.003906
    68   -0.150997    0.301991   -0.301993       0.003906
    69   -0.226494    0.377489   -0.226494       0.003906
    70   -0.301992    0.452988   -0.150996       0.003906
    71   -0.377489    0.528486   -0.075498       0.003906
    72   -0.452987    0.603984    0.000001       0.003906
    73    0.150994   -0.000001   -0.452989       0.003906
    74    0.075497    0.075497   -0.377491       0.003906
    75   -0.000001    0.150995   -0.301993       0.003906
    76   -0.075498    0.226494   -0.226494       0.003906
    77   -0.150996    0.301992   -0.150996       0.003906
    78   -0.226494    0.377490   -0.075498       0.003906
    79   -0.301991    0.452989    0.000001       0.003906
    80   -0.377489    0.528487    0.075499       0.003906
    81    0.226493   -0.075499   -0.377491       0.003906
    82    0.150995   -0.000001   -0.301993       0.003906
    83    0.075498    0.075498   -0.226494       0.003906
    84    0.000000    0.150996   -0.150996       0.003906
    85   -0.075498    0.226494   -0.075498       0.003906
    86   -0.150995    0.301993    0.000001       0.003906
    87   -0.226493    0.377491    0.075499       0.003906
    88   -0.301990    0.452989    0.150997       0.003906
    89    0.301991   -0.150997   -0.301993       0.003906
    90    0.226494   -0.075498   -0.226494       0.003906
    91    0.150996    0.000000   -0.150996       0.003906
    92    0.075498    0.075498   -0.075498       0.003906
    93    0.000001    0.150997    0.000001       0.003906
    94   -0.075497    0.226495    0.075499       0.003906
    95   -0.150994    0.301993    0.150997       0.003906
    96   -0.226492    0.377492    0.226496       0.003906
    97    0.377489   -0.226494   -0.226494       0.003906
    98    0.301992   -0.150996   -0.150996       0.003906
    99    0.226494   -0.075498   -0.075498       0.003906
   100    0.150997    0.000001    0.000001       0.003906
   101    0.075499    0.075499    0.075499       0.003906
   102    0.000001    0.150997    0.150997       0.003906
   103   -0.075496    0.226496    0.226496       0.003906
   104   -0.150994    0.301994    0.301994       0.003906
   105    0.452988   -0.301992   -0.150996       0.003906
   106    0.377490   -0.226494   -0.075498       0.003906
   107    0.301993   -0.150995    0.000001       0.003906
   108    0.226495   -0.075497    0.075499       0.003906
   109    0.150997    0.000001    0.150997       0.003906
   110    0.075500    0.075500    0.226496       0.003906
   111    0.000002    0.150998    0.301994       0.003906
   112   -0.075495    0.226497    0.377492       0.003906
   113    0.528486   -0.377489   -0.075498       0.003906
   114    0.452989   -0.301991    0.000001       0.003906
   115    0.377491   -0.226493    0.075499       0.003906
   116    0.301993   -0.150994    0.150997       0.003906
   117    0.226496   -0.075496    0.226496       0.003906
   118    0.150998    0.000002    0.301994       0.003906
   119    0.075501    0.075501    0.377492       0.003906
   120    0.000003    0.150999    0.452991       0.003906
   121    0.603984   -0.452987    0.000001       0.003906
   122    0.528487   -0.377489    0.075499       0.003906
   123    0.452989   -0.301990    0.150997       0.003906
   124    0.377492   -0.226492    0.226496       0.003906
   125    0.301994   -0.150994    0.301994       0.003906
   126    0.226497   -0.075495    0.377492       0.003906
   127    0.150999    0.000003    0.452991       0.003906
   128    0.075501    0.075501    0.528489       0.003906
   129    0.150994    0.150994   -0.603985       0.003906
   130    0.075497    0.226493   -0.528487       0.003906
   131   -0.000001    0.301991   -0.452989       0.003906
   132   -0.075498    0.377489   -0.377490       0.003906
   133   -0.150996    0.452988   -0.301992       0.003906
   134   -0.226494    0.528486   -0.226494       0.003906
   135   -0.301991    0.603984   -0.150995       0.003906
   136   -0.377489    0.679483   -0.075497       0.003906
   137    0.226493    0.075497   -0.528487       0.003906
   138    0.150995    0.150995   -0.452989       0.003906
   139    0.075498    0.226494   -0.377490       0.003906
   140    0.000000    0.301992   -0.301992       0.003906
   141   -0.075498    0.377490   -0.226494       0.003906
   142   -0.150995    0.452989   -0.150995       0.003906
   143   -0.226493    0.528487   -0.075497       0.003906
   144   -0.301990    0.603985    0.000001       0.003906
   145    0.301991   -0.000001   -0.452989       0.003906
   146    0.226494    0.075498   -0.377490       0.003906
   147    0.150996    0.150996   -0.301992       0.003906
   148    0.075498    0.226494   -0.226494       0.003906
   149    0.000001    0.301993   -0.150995       0.003906
   150   -0.075497    0.377491   -0.075497       0.003906
   151   -0.150994    0.452989    0.000001       0.003906
   152   -0.226492    0.528488    0.075500       0.003906
   153    0.377489   -0.075498   -0.377490       0.003906
   154    0.301992    0.000000   -0.301992       0.003906
   155    0.226494    0.075498   -0.226494       0.003906
   156    0.150997    0.150997   -0.150995       0.003906
   157    0.075499    0.226495   -0.075497       0.003906
   158    0.000001    0.301993    0.000001       0.003906
   159   -0.075496    0.377492    0.075500       0.003906
   160   -0.150994    0.452990    0.150998       0.003906
   161    0.452988   -0.150996   -0.301992       0.003906
   162    0.377490   -0.075498   -0.226494       0.003906
   163    0.301993    0.000001   -0.150995       0.003906
   164    0.226495    0.075499   -0.075497       0.003906
   165    0.150997    0.150997    0.000001       0.003906
   166    0.075500    0.226496    0.075500       0.003906
   167    0.000002    0.301994    0.150998       0.003906
   168   -0.075495    0.377492    0.226497       0.003906
   169    0.528486   -0.226494   -0.226494       0.003906
   170    0.452989   -0.150995   -0.150995       0.003906
   171    0.377491   -0.075497   -0.075497       0.003906
   172    0.301993    0.000001    0.000001       0.003906
   173    0.226496    0.075500    0.075500       0.003906
   174    0.150998    0.150998    0.150998       0.003906
   175    0.075501    0.226497    0.226497       0.003906
   176    0.000003    0.301995    0.301995       0.003906
   177    0.603984   -0.301991   -0.150995       0.003906
   178    0.528487   -0.226493   -0.075497       0.003906
   179    0.452989   -0.150994    0.000001       0.003906
   180    0.377492   -0.075496    0.075500       0.003906
   181    0.301994    0.000002    0.150998       0.003906
   182    0.226497    0.075501    0.226497       0.003906
   183    0.150999    0.150999    0.301995       0.003906
   184    0.075501    0.226497    0.377493       0.003906
   185    0.679483   -0.377489   -0.075497       0.003906
   186    0.603985   -0.301990    0.000001       0.003906
   187    0.528488   -0.226492    0.075500       0.003906
   188    0.452990   -0.150994    0.150998       0.003906
   189    0.377492   -0.075495    0.226497       0.003906
   190    0.301995    0.000003    0.301995       0.003906
   191    0.226497    0.075501    0.377493       0.003906
   192    0.151000    0.151000    0.452992       0.003906
   193    0.226493    0.226493   -0.679483       0.003906
   194    0.150995    0.301991   -0.603984       0.003906
   195    0.075498    0.377489   -0.528486       0.003906
   196    0.000000    0.452988   -0.452988       0.003906
   197   -0.075498    0.528486   -0.377489       0.003906
   198   -0.150995    0.603984   -0.301991       0.003906
   199   -0.226493    0.679483   -0.226493       0.003906
   200   -0.301990    0.754981   -0.150994       0.003906
   201    0.301991    0.150995   -0.603984       0.003906
   202    0.226494    0.226494   -0.528486       0.003906
   203    0.150996    0.301992   -0.452988       0.003906
   204    0.075498    0.377490   -0.377489       0.003906
   205    0.000001    0.452989   -0.301991       0.003906
   206   -0.075497    0.528487   -0.226493       0.003906
   207   -0.150994    0.603985   -0.150994       0.003906
   208   -0.226492    0.679484   -0.075496       0.003906
   209    0.377489    0.075498   -0.528486       0.003906
   210    0.301992    0.150996   -0.452988       0.003906
   211    0.226494    0.226494   -0.377489       0.003906
   212    0.150997    0.301993   -0.301991       0.003906
   213    0.075499    0.377491   -0.226493       0.003906
   214    0.000001    0.452989   -0.150994       0.003906
   215   -0.075496    0.528488   -0.075496       0.003906
   216   -0.150994    0.603986    0.000002       0.003906
   217    0.452988    0.000000   -0.452988       0.003906
   218    0.377490    0.075498   -0.377489       0.003906
   219    0.301993    0.150997   -0.301991       0.003906
   220    0.226495    0.226495   -0.226493       0.003906
   221    0.150997    0.301993   -0.150994       0.003906
   222    0.075500    0.377492   -0.075496       0.003906
   223    0.000002    0.452990    0.000002       0.003906
   224   -0.075495    0.528488    0.075501       0.003906
   225    0.528486   -0.075498   -0.377489       0.003906
   226    0.452989    0.000001   -0.301991       0.003906
   227    0.377491    0.075499   -0.226493       0.003906
   228    0.301993    0.150997   -0.150994       0.003906
   229    0.226496    0.226496   -0.075496       0.003906
   230    0.150998    0.301994    0.000002       0.003906
   231    0.075501    0.377492    0.075501       0.003906
   232    0.000003    0.452991    0.150999       0.003906
   233    0.603984   -0.150995   -0.301991       0.003906
   234    0.528487   -0.075497   -0.226493       0.003906
   235    0.452989    0.000001   -0.150994       0.003906
   236    0.377492    0.075500   -0.075496       0.003906
   237    0.301994    0.150998    0.000002       0.003906
   238    0.226497    0.226497    0.075501       0.003906
   239    0.150999    0.301995    0.150999       0.003906
   240    0.075501    0.377493    0.226497       0.003906
   241    0.679483   -0.226493   -0.226493       0.003906
   242    0.603985   -0.150994   -0.150994       0.003906
   243    0.528488   -0.075496   -0.075496       0.003906
   244    0.452990    0.000002    0.000002       0.003906
   245    0.377492    0.075501    0.075501       0.003906
   246    0.301995    0.150999    0.150999       0.003906
   247    0.226497    0.226497    0.226497       0.003906
   248    0.151000    0.301996    0.301996       0.003906
   249    0.754981   -0.301990   -0.150994       0.003906
   250    0.679484   -0.226492   -0.075496       0.003906
   251    0.603986   -0.150994    0.000002       0.003906
   252    0.528488   -0.075495    0.075501       0.003906
   253    0.452991    0.000003    0.150999       0.003906
   254    0.377493    0.075501    0.226497       0.003906
   255    0.301996    0.151000    0.301996       0.003906
   256    0.226498    0.226498    0.377494       0.003906
   257    0.301991    0.301991   -0.754980       0.001953
   258    0.226494    0.377489   -0.679482       0.001953
   259    0.150996    0.452988   -0.603984       0.001953
   260    0.075498    0.528486   -0.528485       0.001953
   261    0.000001    0.603984   -0.452987       0.001953
   262   -0.075497    0.679483   -0.377489       0.001953
   263   -0.150994    0.754981   -0.301990       0.001953
   264   -0.226492    0.830480   -0.226492       0.001953
   265    0.377489    0.226494   -0.679482       0.001953
   266    0.301992    0.301992   -0.603984       0.001953
   267    0.226494    0.377490   -0.528485       0.001953
   268    0.150997    0.452989   -0.452987       0.001953
   269    0.075499    0.528487   -0.377489       0.001953
   270    0.000001    0.603985   -0.301990       0.001953
   271   -0.075496    0.679484   -0.226492       0.001953
   272   -0.150994    0.754982   -0.150994       0.001953
   273    0.452988    0.150996   -0.603984       0.001953
   274    0.377490    0.226494   -0.528485       0.001953
   275    0.301993    0.301993   -0.452987       0.001953
   276    0.226495    0.377491   -0.377489       0.001953
   277    0.150997    0.452989   -0.301990       0.001953
   278    0.075500    0.528488   -0.226492       0.001953
   279    0.000002    0.603986   -0.150994       0.001953
   280   -0.075495    0.679484   -0.075495       0.001953
   281    0.528486    0.075498   -0.528485       0.001953
   282    0.452989    0.150997   -0.452987       0.001953
   283    0.377491    0.226495   -0.377489       0.001953
   284    0.301993    0.301993   -0.301990       0.001953
   285    0.226496    0.377492   -0.226492       0.001953
   286    0.150998    0.452990   -0.150994       0.001953
   287    0.075501    0.528488   -0.075495       0.001953
   288    0.000003    0.603987    0.000003       0.001953
   289    0.603984    0.000001   -0.452987       0.001953
   290    0.528487    0.075499   -0.377489       0.001953
   291    0.452989    0.150997   -0.301990       0.001953
   292    0.377492    0.226496   -0.226492       0.001953
   293    0.301994    0.301994   -0.150994       0.001953
   294    0.226497    0.377492   -0.075495       0.001953
   295    0.150999    0.452991    0.000003       0.001953
   296    0.075501    0.528489    0.075501       0.001953
   297    0.679483   -0.075497   -0.377489       0.001953
   298    0.603985    0.000001   -0.301990       0.001953
   299    0.528488    0.075500   -0.226492       0.001953
   300    0.452990    0.150998   -0.150994       0.001953
   301    0.377492    0.226497   -0.075495       0.001953
   302    0.301995    0.301995    0.000003       0.001953
   303    0.226497    0.377493    0.075501       0.001953
   304    0.151000    0.452992    0.151000       0.001953
   305    0.754981   -0.150994   -0.301990       0.001953
   306    0.679484   -0.075496   -0.226492       0.001953
   307    0.603986    0.000002   -0.150994       0.001953
   308    0.528488    0.075501   -0.075495       0.001953
   309    0.452991    0.150999    0.000003       0.001953
   310    0.377493    0.226497    0.075501       0.001953
   311    0.301996    0.301996    0.151000       0.001953
   312    0.226498    0.377494    0.226498       0.001953
   313    0.830480   -0.226492   -0.226492       0.001953
   314    0.754982   -0.150994   -0.150994       0.001953
   315    0.679484   -0.075495   -0.075495       0.001953
   316    0.603987    0.000003    0.000003       0.001953
   317    0.528489    0.075501    0.075501       0.001953
   318    0.452992    0.151000    0.151000       0.001953
   319    0.377494    0.226498    0.226498       0.001953
   320    0.301996    0.301996    0.301996       0.001953
