    48
     1   -0.000002   -0.000002   -0.300918       0.015625
     2   -0.150459    0.150457   -0.150459       0.015625
     3   -0.300916    0.300916    0.000000       0.015625
     4   -0.451373    0.451374    0.150459       0.015625
     5    0.150457   -0.150459   -0.150459       0.015625
     6    0.000000    0.000000    0.000000       0.015625
     7   -0.150457    0.150459    0.150459       0.015625
     8   -0.300914    0.300918    0.300918       0.015625
     9    0.300916   -0.300916   -0.000000       0.015625
    10    0.150459   -0.150457    0.150459       0.015625
    11    0.000002    0.000002    0.300918       0.015625
    12   -0.150455    0.150461    0.451376       0.015625
    13    0.451374   -0.451373    0.150459       0.015625
    14    0.300918   -0.300914    0.300918       0.015625
    15    0.150461   -0.150455    0.451376       0.015625
    16    0.000004    0.000004    0.601835       0.015625
    17    0.150457    0.150457   -0.451374       0.031250
    18   -0.000000    0.300916   -0.300916       0.031250
    19   -0.150457    0.451374   -0.150457       0.031250
    20   -0.300914    0.601833    0.000002       0.031250
    21    0.300916   -0.000000   -0.300916       0.031250
    22    0.150459    0.150459   -0.150457       0.031250
    23    0.000002    0.300918    0.000002       0.031250
    24   -0.150455    0.451376    0.150461       0.031250
    25    0.451374   -0.150457   -0.150457       0.031250
    26    0.300918    0.000002    0.000002       0.031250
    27    0.150461    0.150461    0.150461       0.031250
    28    0.000004    0.300919    0.300919       0.031250
    29    0.601833   -0.300914    0.000002       0.031250
    30    0.451376   -0.150455    0.150461       0.031250
    31    0.300919    0.000004    0.300919       0.031250
    32    0.150463    0.150463    0.451378       0.031250
    33    0.300916    0.300916   -0.601831       0.015625
    34    0.150459    0.451374   -0.451373       0.015625
    35    0.000002    0.601833   -0.300914       0.015625
    36   -0.150455    0.752292   -0.150455       0.015625
    37    0.451374    0.150459   -0.451373       0.015625
    38    0.300918    0.300918   -0.300914       0.015625
    39    0.150461    0.451376   -0.150455       0.015625
    40    0.000004    0.601835    0.000004       0.015625
    41    0.601833    0.000002   -0.300914       0.015625
    42    0.451376    0.150461   -0.150455       0.015625
    43    0.300919    0.300919    0.000004       0.015625
    44    0.150463    0.451378    0.150463       0.015625
    45    0.752292   -0.150455   -0.150455       0.015625
    46    0.601835    0.000004    0.000004       0.015625
    47    0.451378    0.150463    0.150463       0.015625
    48    0.300921    0.300921    0.300921       0.015625
