   144
     1   -0.000002   -0.000002   -0.401901       0.004630
     2   -0.100476    0.100473   -0.301425       0.004630
     3   -0.200950    0.200948   -0.200950       0.004630
     4   -0.301424    0.301423   -0.100475       0.004630
     5   -0.401898    0.401898    0.000000       0.004630
     6   -0.502372    0.502374    0.100475       0.004630
     7    0.100473   -0.100476   -0.301425       0.004630
     8   -0.000001   -0.000001   -0.200950       0.004630
     9   -0.100475    0.100474   -0.100475       0.004630
    10   -0.200949    0.200949    0.000000       0.004630
    11   -0.301423    0.301424    0.100475       0.004630
    12   -0.401897    0.401899    0.200950       0.004630
    13    0.200948   -0.200950   -0.200950       0.004630
    14    0.100474   -0.100475   -0.100475       0.004630
    15    0.000000    0.000000    0.000000       0.004630
    16   -0.100474    0.100475    0.100475       0.004630
    17   -0.200948    0.200950    0.200950       0.004630
    18   -0.301422    0.301425    0.301425       0.004630
    19    0.301423   -0.301424   -0.100475       0.004630
    20    0.200949   -0.200949   -0.000000       0.004630
    21    0.100475   -0.100474    0.100475       0.004630
    22    0.000001    0.000001    0.200950       0.004630
    23   -0.100473    0.100476    0.301425       0.004630
    24   -0.200947    0.200951    0.401901       0.004630
    25    0.401898   -0.401898   -0.000000       0.004630
    26    0.301424   -0.301423    0.100475       0.004630
    27    0.200950   -0.200948    0.200950       0.004630
    28    0.100476   -0.100473    0.301425       0.004630
    29    0.000002    0.000002    0.401901       0.004630
    30   -0.100472    0.100477    0.502376       0.004630
    31    0.502374   -0.502372    0.100475       0.004630
    32    0.401899   -0.401897    0.200950       0.004630
    33    0.301425   -0.301422    0.301425       0.004630
    34    0.200951   -0.200947    0.401901       0.004630
    35    0.100477   -0.100472    0.502376       0.004630
    36    0.000003    0.000003    0.602851       0.004630
    37    0.100473    0.100473   -0.502375       0.009259
    38   -0.000001    0.200948   -0.401899       0.009259
    39   -0.100475    0.301423   -0.301424       0.009259
    40   -0.200949    0.401898   -0.200949       0.009259
    41   -0.301423    0.502374   -0.100474       0.009259
    42   -0.401897    0.602849    0.000001       0.009259
    43    0.200948   -0.000001   -0.401899       0.009259
    44    0.100474    0.100474   -0.301424       0.009259
    45    0.000000    0.200949   -0.200949       0.009259
    46   -0.100474    0.301424   -0.100474       0.009259
    47   -0.200948    0.401899    0.000001       0.009259
    48   -0.301422    0.502375    0.100476       0.009259
    49    0.301423   -0.100475   -0.301424       0.009259
    50    0.200949   -0.000000   -0.200949       0.009259
    51    0.100475    0.100475   -0.100474       0.009259
    52    0.000001    0.200950    0.000001       0.009259
    53   -0.100473    0.301425    0.100476       0.009259
    54   -0.200947    0.401901    0.200951       0.009259
    55    0.401898   -0.200949   -0.200949       0.009259
    56    0.301424   -0.100474   -0.100474       0.009259
    57    0.200950    0.000001    0.000001       0.009259
    58    0.100476    0.100476    0.100476       0.009259
    59    0.000002    0.200951    0.200951       0.009259
    60   -0.100472    0.301426    0.301426       0.009259
    61    0.502374   -0.301423   -0.100474       0.009259
    62    0.401899   -0.200948    0.000001       0.009259
    63    0.301425   -0.100473    0.100476       0.009259
    64    0.200951    0.000002    0.200951       0.009259
    65    0.100477    0.100477    0.301426       0.009259
    66    0.000003    0.200952    0.401902       0.009259
    67    0.602849   -0.401897    0.000001       0.009259
    68    0.502375   -0.301422    0.100476       0.009259
    69    0.401901   -0.200947    0.200951       0.009259
    70    0.301426   -0.100472    0.301426       0.009259
    71    0.200952    0.000003    0.401902       0.009259
    72    0.100478    0.100478    0.502377       0.009259
    73    0.200948    0.200948   -0.602849       0.009259
    74    0.100474    0.301423   -0.502374       0.009259
    75    0.000000    0.401898   -0.401898       0.009259
    76   -0.100474    0.502374   -0.301423       0.009259
    77   -0.200948    0.602849   -0.200948       0.009259
    78   -0.301422    0.703324   -0.100473       0.009259
    79    0.301423    0.100474   -0.502374       0.009259
    80    0.200949    0.200949   -0.401898       0.009259
    81    0.100475    0.301424   -0.301423       0.009259
    82    0.000001    0.401899   -0.200948       0.009259
    83   -0.100473    0.502375   -0.100473       0.009259
    84   -0.200947    0.602850    0.000002       0.009259
    85    0.401898   -0.000000   -0.401898       0.009259
    86    0.301424    0.100475   -0.301423       0.009259
    87    0.200950    0.200950   -0.200948       0.009259
    88    0.100476    0.301425   -0.100473       0.009259
    89    0.000002    0.401901    0.000002       0.009259
    90   -0.100472    0.502376    0.100477       0.009259
    91    0.502374   -0.100474   -0.301423       0.009259
    92    0.401899    0.000001   -0.200948       0.009259
    93    0.301425    0.100476   -0.100473       0.009259
    94    0.200951    0.200951    0.000002       0.009259
    95    0.100477    0.301426    0.100477       0.009259
    96    0.000003    0.401902    0.200952       0.009259
    97    0.602849   -0.200948   -0.200948       0.009259
    98    0.502375   -0.100473   -0.100473       0.009259
    99    0.401901    0.000002    0.000002       0.009259
   100    0.301426    0.100477    0.100477       0.009259
   101    0.200952    0.200952    0.200952       0.009259
   102    0.100478    0.301428    0.301428       0.009259
   103    0.703324   -0.301422   -0.100473       0.009259
   104    0.602850   -0.200947    0.000002       0.009259
   105    0.502376   -0.100472    0.100477       0.009259
   106    0.401902    0.000003    0.200952       0.009259
   107    0.301428    0.100478    0.301428       0.009259
   108    0.200953    0.200953    0.401903       0.009259
   109    0.301423    0.301423   -0.703323       0.004630
   110    0.200949    0.401898   -0.602848       0.004630
   111    0.100475    0.502374   -0.502372       0.004630
   112    0.000001    0.602849   -0.401897       0.004630
   113   -0.100473    0.703324   -0.301422       0.004630
   114   -0.200947    0.803799   -0.200947       0.004630
   115    0.401898    0.200949   -0.602848       0.004630
   116    0.301424    0.301424   -0.502372       0.004630
   117    0.200950    0.401899   -0.401897       0.004630
   118    0.100476    0.502375   -0.301422       0.004630
   119    0.000002    0.602850   -0.200947       0.004630
   120   -0.100472    0.703325   -0.100472       0.004630
   121    0.502374    0.100475   -0.502372       0.004630
   122    0.401899    0.200950   -0.401897       0.004630
   123    0.301425    0.301425   -0.301422       0.004630
   124    0.200951    0.401901   -0.200947       0.004630
   125    0.100477    0.502376   -0.100472       0.004630
   126    0.000003    0.602851    0.000003       0.004630
   127    0.602849    0.000001   -0.401897       0.004630
   128    0.502375    0.100476   -0.301422       0.004630
   129    0.401901    0.200951   -0.200947       0.004630
   130    0.301426    0.301426   -0.100472       0.004630
   131    0.200952    0.401902    0.000003       0.004630
   132    0.100478    0.502377    0.100478       0.004630
   133    0.703324   -0.100473   -0.301422       0.004630
   134    0.602850    0.000002   -0.200947       0.004630
   135    0.502376    0.100477   -0.100472       0.004630
   136    0.401902    0.200952    0.000003       0.004630
   137    0.301428    0.301428    0.100478       0.004630
   138    0.200953    0.401903    0.200953       0.004630
   139    0.803799   -0.200947   -0.200947       0.004630
   140    0.703325   -0.100472   -0.100472       0.004630
   141    0.602851    0.000003    0.000003       0.004630
   142    0.502377    0.100478    0.100478       0.004630
   143    0.401903    0.200953    0.200953       0.004630
   144    0.301429    0.301429    0.301429       0.004630
