   144
     1   -0.000001   -0.000001   -0.402154       0.004630
     2   -0.100539    0.100537   -0.301615       0.004630
     3   -0.201077    0.201076   -0.201077       0.004630
     4   -0.301615    0.301614   -0.100538       0.004630
     5   -0.402153    0.402153    0.000000       0.004630
     6   -0.502691    0.502691    0.100538       0.004630
     7    0.100537   -0.100539   -0.301615       0.004630
     8   -0.000001   -0.000001   -0.201077       0.004630
     9   -0.100538    0.100538   -0.100538       0.004630
    10   -0.201076    0.201076    0.000000       0.004630
    11   -0.301614    0.301615    0.100538       0.004630
    12   -0.402152    0.402153    0.201077       0.004630
    13    0.201076   -0.201077   -0.201077       0.004630
    14    0.100538   -0.100538   -0.100538       0.004630
    15    0.000000    0.000000    0.000000       0.004630
    16   -0.100538    0.100538    0.100538       0.004630
    17   -0.201076    0.201077    0.201077       0.004630
    18   -0.301614    0.301615    0.301615       0.004630
    19    0.301614   -0.301615   -0.100538       0.004630
    20    0.201076   -0.201076   -0.000000       0.004630
    21    0.100538   -0.100538    0.100538       0.004630
    22    0.000001    0.000001    0.201077       0.004630
    23   -0.100537    0.100539    0.301615       0.004630
    24   -0.201075    0.201077    0.402154       0.004630
    25    0.402153   -0.402153   -0.000000       0.004630
    26    0.301615   -0.301614    0.100538       0.004630
    27    0.201077   -0.201076    0.201077       0.004630
    28    0.100539   -0.100537    0.301615       0.004630
    29    0.000001    0.000001    0.402154       0.004630
    30   -0.100537    0.100539    0.502692       0.004630
    31    0.502691   -0.502691    0.100538       0.004630
    32    0.402153   -0.402152    0.201077       0.004630
    33    0.301615   -0.301614    0.301615       0.004630
    34    0.201077   -0.201075    0.402154       0.004630
    35    0.100539   -0.100537    0.502692       0.004630
    36    0.000002    0.000002    0.603231       0.004630
    37    0.100537    0.100537   -0.502692       0.009259
    38   -0.000001    0.201076   -0.402153       0.009259
    39   -0.100538    0.301614   -0.301615       0.009259
    40   -0.201076    0.402153   -0.201076       0.009259
    41   -0.301614    0.502691   -0.100538       0.009259
    42   -0.402152    0.603229    0.000001       0.009259
    43    0.201076   -0.000001   -0.402153       0.009259
    44    0.100538    0.100538   -0.301615       0.009259
    45    0.000000    0.201076   -0.201076       0.009259
    46   -0.100538    0.301615   -0.100538       0.009259
    47   -0.201076    0.402153    0.000001       0.009259
    48   -0.301614    0.502692    0.100539       0.009259
    49    0.301614   -0.100538   -0.301615       0.009259
    50    0.201076   -0.000000   -0.201076       0.009259
    51    0.100538    0.100538   -0.100538       0.009259
    52    0.000001    0.201077    0.000001       0.009259
    53   -0.100537    0.301615    0.100539       0.009259
    54   -0.201075    0.402154    0.201077       0.009259
    55    0.402153   -0.201076   -0.201076       0.009259
    56    0.301615   -0.100538   -0.100538       0.009259
    57    0.201077    0.000001    0.000001       0.009259
    58    0.100539    0.100539    0.100539       0.009259
    59    0.000001    0.201077    0.201077       0.009259
    60   -0.100537    0.301616    0.301616       0.009259
    61    0.502691   -0.301614   -0.100538       0.009259
    62    0.402153   -0.201076    0.000001       0.009259
    63    0.301615   -0.100537    0.100539       0.009259
    64    0.201077    0.000001    0.201077       0.009259
    65    0.100539    0.100539    0.301616       0.009259
    66    0.000002    0.201078    0.402154       0.009259
    67    0.603229   -0.402152    0.000001       0.009259
    68    0.502692   -0.301614    0.100539       0.009259
    69    0.402154   -0.201075    0.201077       0.009259
    70    0.301616   -0.100537    0.301616       0.009259
    71    0.201078    0.000002    0.402154       0.009259
    72    0.100540    0.100540    0.502693       0.009259
    73    0.201076    0.201076   -0.603229       0.009259
    74    0.100538    0.301614   -0.502691       0.009259
    75    0.000000    0.402153   -0.402153       0.009259
    76   -0.100538    0.502691   -0.301614       0.009259
    77   -0.201076    0.603229   -0.201076       0.009259
    78   -0.301614    0.703768   -0.100537       0.009259
    79    0.301614    0.100538   -0.502691       0.009259
    80    0.201076    0.201076   -0.402153       0.009259
    81    0.100538    0.301615   -0.301614       0.009259
    82    0.000001    0.402153   -0.201076       0.009259
    83   -0.100537    0.502692   -0.100537       0.009259
    84   -0.201075    0.603230    0.000001       0.009259
    85    0.402153   -0.000000   -0.402153       0.009259
    86    0.301615    0.100538   -0.301614       0.009259
    87    0.201077    0.201077   -0.201076       0.009259
    88    0.100539    0.301615   -0.100537       0.009259
    89    0.000001    0.402154    0.000001       0.009259
    90   -0.100537    0.502692    0.100539       0.009259
    91    0.502691   -0.100538   -0.301614       0.009259
    92    0.402153    0.000001   -0.201076       0.009259
    93    0.301615    0.100539   -0.100537       0.009259
    94    0.201077    0.201077    0.000001       0.009259
    95    0.100539    0.301616    0.100539       0.009259
    96    0.000002    0.402154    0.201078       0.009259
    97    0.603229   -0.201076   -0.201076       0.009259
    98    0.502692   -0.100537   -0.100537       0.009259
    99    0.402154    0.000001    0.000001       0.009259
   100    0.301616    0.100539    0.100539       0.009259
   101    0.201078    0.201078    0.201078       0.009259
   102    0.100540    0.301616    0.301616       0.009259
   103    0.703768   -0.301614   -0.100537       0.009259
   104    0.603230   -0.201075    0.000001       0.009259
   105    0.502692   -0.100537    0.100539       0.009259
   106    0.402154    0.000002    0.201078       0.009259
   107    0.301616    0.100540    0.301616       0.009259
   108    0.201078    0.201078    0.402155       0.009259
   109    0.301614    0.301614   -0.703767       0.004630
   110    0.201076    0.402153   -0.603229       0.004630
   111    0.100538    0.502691   -0.502691       0.004630
   112    0.000001    0.603229   -0.402152       0.004630
   113   -0.100537    0.703768   -0.301614       0.004630
   114   -0.201075    0.804306   -0.201075       0.004630
   115    0.402153    0.201076   -0.603229       0.004630
   116    0.301615    0.301615   -0.502691       0.004630
   117    0.201077    0.402153   -0.402152       0.004630
   118    0.100539    0.502692   -0.301614       0.004630
   119    0.000001    0.603230   -0.201075       0.004630
   120   -0.100537    0.703768   -0.100537       0.004630
   121    0.502691    0.100538   -0.502691       0.004630
   122    0.402153    0.201077   -0.402152       0.004630
   123    0.301615    0.301615   -0.301614       0.004630
   124    0.201077    0.402154   -0.201075       0.004630
   125    0.100539    0.502692   -0.100537       0.004630
   126    0.000002    0.603231    0.000002       0.004630
   127    0.603229    0.000001   -0.402152       0.004630
   128    0.502692    0.100539   -0.301614       0.004630
   129    0.402154    0.201077   -0.201075       0.004630
   130    0.301616    0.301616   -0.100537       0.004630
   131    0.201078    0.402154    0.000002       0.004630
   132    0.100540    0.502693    0.100540       0.004630
   133    0.703768   -0.100537   -0.301614       0.004630
   134    0.603230    0.000001   -0.201075       0.004630
   135    0.502692    0.100539   -0.100537       0.004630
   136    0.402154    0.201078    0.000002       0.004630
   137    0.301616    0.301616    0.100540       0.004630
   138    0.201078    0.402155    0.201078       0.004630
   139    0.804306   -0.201075   -0.201075       0.004630
   140    0.703768   -0.100537   -0.100537       0.004630
   141    0.603231    0.000002    0.000002       0.004630
   142    0.502693    0.100540    0.100540       0.004630
   143    0.402155    0.201078    0.201078       0.004630
   144    0.301617    0.301617    0.301617       0.004630
